0	135	0.72
157	0	0.54
0	189	0.01
1	246	0.69
1	251	0.93
433	1	0.65
460	1	0.32
2	32	0.59
34	2	0.12
2	115	0.47
476	2	0.75
3	118	0.30
150	3	0.84
3	160	0.04
3	353	0.24
4	63	0.84
4	181	0.74
4	455	0.64
19	5	0.92
5	20	0.97
171	5	0.89
12	6	0.99
257	6	0.54
6	299	0.09
145	7	0.88
198	7	0.88
264	7	0.13
438	7	0.64
8	48	0.05
176	8	0.14
8	330	0.85
8	416	0.64
9	40	0.48
79	9	0.21
9	218	0.22
9	363	0.96
210	10	0.86
10	225	0.42
368	10	0.72
11	145	0.77
11	233	0.08
11	295	0.28
496	11	0.24
12	328	0.95
488	12	0.69
220	13	0.01
13	264	0.47
13	303	0.65
354	13	0.58
14	279	0.83
14	392	0.65
443	14	0.86
142	15	0.38
15	242	0.45
15	448	0.37
49	16	0.68
235	16	0.75
376	16	0.98
192	17	0.33
271	17	0.04
350	17	0.01
18	217	0.68
18	319	0.58
18	388	0.78
171	19	0.85
19	276	0.56
262	20	0.58
20	291	0.34
20	411	0.09
21	41	0.76
21	62	0.51
266	21	0.46
320	21	0.39
22	66	0.65
22	102	0.78
22	482	0.65
53	23	0.85
23	161	0.91
23	485	0.56
155	24	0.01
24	198	0.65
438	24	0.51
498	24	0.09
25	192	0.19
25	247	0.27
362	25	0.72
327	26	0.02
26	358	0.68
382	26	0.55
26	425	0.96
27	44	0.88
27	380	0.01
27	436	0.59
28	172	0.35
224	28	0.39
28	259	0.36
306	28	0.26
29	51	0.74
29	219	0.93
29	385	0.55
447	29	0.94
186	30	0.14
30	250	0.17
30	481	0.72
490	30	0.43
31	47	0.92
31	60	0.43
187	31	0.17
31	261	0.49
203	32	0.40
32	381	0.74
428	32	0.52
286	33	0.72
327	33	0.89
425	33	0.13
449	33	0.61
34	203	0.57
476	34	0.90
243	35	0.76
35	379	0.22
478	35	0.31
92	36	0.46
446	36	0.39
36	497	0.47
37	58	0.58
37	352	0.71
37	384	0.25
197	38	0.28
38	244	0.52
282	38	0.23
393	38	0.03
304	39	0.70
39	409	0.94
462	39	0.87
79	40	0.50
40	218	0.10
229	40	0.41
41	141	0.26
202	41	0.14
42	106	0.27
273	42	0.67
42	498	0.27
377	43	0.09
43	418	0.94
487	43	0.60
333	44	0.39
44	380	0.99
44	436	0.53
45	205	0.01
45	289	0.33
45	361	0.78
46	125	0.04
232	46	0.84
281	46	0.66
47	60	0.10
80	47	0.50
187	47	0.14
61	48	0.26
85	48	0.56
48	335	0.80
49	100	0.12
49	113	0.30
92	50	0.07
301	50	0.56
50	407	0.43
121	51	0.75
51	385	0.67
386	51	0.70
52	127	0.02
129	52	0.97
52	360	0.31
484	52	0.85
83	53	0.92
53	161	0.58
54	59	0.81
163	54	0.32
363	54	0.61
196	55	0.67
55	334	0.56
55	340	0.24
248	56	1.00
56	288	0.93
56	301	0.87
399	56	0.63
57	107	0.81
422	57	0.27
57	465	0.21
57	473	0.30
173	58	0.50
58	352	0.42
58	384	0.90
59	94	0.19
59	119	0.99
59	412	0.92
187	60	0.51
61	85	0.17
61	331	0.56
61	335	0.80
62	204	0.49
62	226	0.24
62	493	0.03
63	140	0.13
63	181	0.07
63	455	0.92
64	199	0.89
308	64	0.48
366	64	0.58
65	315	0.89
65	368	0.60
375	65	0.35
65	387	0.65
102	66	0.14
66	365	0.65
167	67	0.24
67	175	0.59
180	67	0.22
167	68	0.77
175	68	0.66
391	68	0.52
69	111	0.75
392	69	0.31
69	424	0.04
70	140	0.72
70	250	0.48
398	70	0.45
71	81	0.88
71	273	0.20
274	71	0.11
360	71	0.33
72	234	0.34
72	300	0.85
445	72	0.67
451	72	0.56
73	117	0.19
149	73	0.85
333	73	0.32
356	73	0.63
74	254	0.58
74	349	0.02
405	74	0.81
75	170	0.67
278	75	0.72
435	75	0.66
84	76	0.93
76	408	0.86
480	76	0.65
77	101	0.14
260	77	0.80
471	77	0.76
77	492	0.56
78	123	0.73
78	201	0.27
391	78	0.12
80	79	0.95
79	409	0.53
80	218	0.14
80	409	0.95
193	81	0.67
81	360	0.93
491	81	0.07
82	91	0.32
82	96	0.93
82	286	0.47
164	83	0.46
83	188	0.91
294	83	0.74
408	84	0.42
84	480	0.73
85	335	0.91
247	86	0.35
362	86	0.64
499	86	0.50
87	97	0.60
87	155	0.49
87	440	0.86
257	88	0.88
88	395	0.25
410	88	0.83
137	89	0.35
208	89	0.23
89	323	0.81
253	90	0.03
90	271	0.87
441	90	0.47
459	90	0.51
286	91	0.17
91	473	0.75
92	301	0.29
93	190	0.95
93	230	0.54
453	93	0.11
94	139	0.99
194	94	0.03
94	412	0.65
95	104	0.37
95	158	0.89
95	405	0.02
160	96	0.09
96	244	0.65
96	263	0.88
155	97	0.94
97	210	0.61
98	130	0.39
98	185	0.89
280	98	0.27
98	348	0.46
234	99	0.20
402	99	0.69
99	415	0.63
113	100	0.21
235	100	0.67
100	376	0.67
260	101	0.39
372	101	0.14
492	101	0.32
102	364	0.26
102	365	0.54
204	103	0.37
103	332	0.48
401	103	0.20
104	158	0.23
104	263	0.26
177	105	0.41
203	105	0.86
477	105	0.58
273	106	0.17
315	106	0.74
465	107	0.19
473	107	0.27
108	321	0.75
108	443	0.65
108	451	0.03
108	464	0.85
109	143	0.40
432	109	0.13
461	109	0.58
177	110	0.17
110	329	0.34
110	404	0.38
495	110	0.98
144	111	0.55
280	111	0.66
331	111	0.49
112	242	0.04
310	112	0.51
371	112	0.09
483	112	0.76
235	113	0.14
376	113	0.55
114	267	0.15
114	272	0.06
292	114	0.07
114	293	0.05
115	203	0.71
428	115	0.40
476	115	0.21
116	151	0.06
116	172	0.36
116	373	0.41
249	117	0.16
117	333	0.26
399	117	0.05
118	150	0.97
353	118	0.56
172	119	0.73
306	119	0.69
119	486	0.07
120	121	0.23
120	228	0.13
370	120	0.91
121	228	0.34
370	121	0.43
245	122	0.10
434	122	0.31
122	479	0.58
123	324	0.08
341	123	0.78
170	124	0.90
124	227	0.04
124	435	0.54
475	124	0.77
342	125	0.20
125	450	0.03
126	168	0.89
250	126	0.98
312	126	0.49
126	336	0.41
129	127	0.96
484	127	0.47
133	128	0.13
397	128	0.65
128	456	0.35
129	191	0.85
484	129	0.05
185	130	0.11
348	130	0.63
460	130	0.96
131	211	0.48
131	265	0.26
314	131	0.84
388	131	0.98
132	189	0.38
132	317	0.13
132	489	0.30
133	312	0.33
397	133	0.47
456	133	0.42
134	219	0.57
431	134	0.51
447	134	0.52
134	462	0.74
135	157	0.60
135	474	0.14
136	159	0.97
378	136	0.44
136	417	0.01
208	137	0.06
323	137	0.06
138	153	0.75
186	138	0.45
255	138	0.57
387	138	0.88
139	412	0.84
494	139	0.62
398	140	0.42
141	202	0.40
396	141	0.37
142	162	0.07
142	448	0.09
355	143	0.76
374	143	0.62
143	432	0.13
144	280	0.37
144	331	0.93
448	144	0.87
198	145	0.95
438	145	0.53
146	246	0.04
275	146	0.91
146	322	0.76
146	468	0.03
147	322	0.21
406	147	0.11
466	147	0.46
279	148	0.97
439	148	0.83
443	148	0.64
231	149	0.57
149	261	0.34
353	150	0.66
151	348	0.95
373	151	0.42
298	152	0.63
302	152	0.77
310	152	0.58
152	426	0.50
255	153	0.83
153	387	0.12
154	200	0.06
154	325	0.87
154	338	0.64
154	389	0.91
156	222	0.95
240	156	0.05
156	297	0.27
367	156	0.94
157	245	0.71
158	299	0.46
159	291	0.20
159	378	0.73
160	263	0.86
324	161	0.10
178	162	0.04
162	440	0.13
163	241	0.07
163	363	0.54
188	164	0.30
294	164	0.69
229	165	0.01
165	429	0.31
485	165	0.81
166	344	0.11
166	389	0.68
166	452	0.69
175	167	0.44
425	167	0.17
312	168	0.52
336	168	0.68
168	492	0.26
169	241	0.60
304	169	0.63
420	169	0.71
170	227	0.07
170	278	0.91
171	247	0.61
486	172	0.70
173	215	0.64
417	173	0.46
266	174	0.99
174	302	0.80
174	320	0.17
176	330	0.31
176	416	0.37
477	177	0.86
182	178	0.04
178	440	0.26
179	262	0.78
179	381	0.40
179	411	0.65
179	453	0.36
195	180	0.89
180	214	0.03
180	403	0.97
181	455	0.88
311	182	0.16
182	400	0.70
182	463	0.25
183	252	0.30
183	347	0.73
183	390	0.66
184	442	0.18
184	475	0.94
184	480	0.48
348	185	0.22
186	481	0.31
186	490	0.61
188	294	0.75
188	317	0.90
189	317	0.36
190	230	0.81
453	190	0.57
191	296	0.02
343	191	0.80
423	191	0.79
192	271	0.31
192	350	0.29
193	195	0.51
193	274	0.10
491	193	0.89
194	340	0.11
194	345	0.62
195	214	0.12
195	403	0.17
334	196	0.54
196	454	0.84
282	197	1.00
197	393	0.21
198	498	0.77
199	222	0.50
199	308	0.58
325	200	0.18
338	200	0.04
201	226	0.28
391	201	0.68
202	335	0.67
226	204	0.69
204	493	0.33
289	205	0.13
361	205	0.17
211	206	0.36
437	206	0.23
496	206	0.54
309	207	0.70
207	318	0.37
207	478	0.70
208	323	0.40
208	483	0.43
351	209	0.40
435	209	0.06
209	467	0.55
225	210	0.95
314	211	0.33
211	378	0.38
212	258	0.82
284	212	0.30
305	212	0.96
212	313	0.37
213	223	0.45
213	454	0.05
489	213	0.52
372	214	0.41
214	403	0.72
215	417	0.63
215	497	0.55
216	337	0.51
216	387	0.64
430	216	0.74
217	307	0.64
319	217	0.44
409	218	0.04
219	386	0.63
258	220	0.03
220	313	0.25
220	339	0.60
265	221	0.56
341	221	0.09
221	414	0.93
222	240	0.31
222	297	0.02
362	223	0.81
223	454	0.78
224	259	0.26
486	224	0.07
251	225	0.41
226	493	0.71
227	278	0.15
228	370	0.14
485	229	0.41
453	230	0.22
477	230	0.41
231	261	0.83
231	482	0.57
277	232	0.81
232	281	0.28
232	450	0.01
295	233	0.27
449	233	0.68
402	234	0.73
234	415	0.85
235	458	0.15
236	287	0.80
236	346	0.90
419	236	0.48
237	316	0.15
237	369	0.94
413	237	0.48
284	238	0.99
383	238	0.90
470	238	0.67
239	326	0.06
239	400	0.12
239	407	0.45
240	367	0.23
241	420	0.68
371	242	0.16
248	243	0.42
379	243	0.30
244	487	0.54
245	434	0.38
245	479	0.54
275	246	0.92
362	247	0.53
248	288	0.19
399	248	0.63
249	333	0.88
249	414	0.38
398	250	0.50
460	251	0.13
252	347	0.81
390	252	0.42
253	349	0.89
253	441	0.27
253	459	0.69
254	439	0.81
472	254	0.56
456	255	0.47
262	256	0.41
291	256	0.98
256	381	0.84
299	257	0.23
305	258	0.72
421	258	0.06
259	306	0.09
420	259	0.44
471	260	0.89
492	260	0.02
283	262	0.54
264	303	0.13
264	354	0.74
414	265	0.11
266	320	0.95
433	266	0.18
285	267	0.80
494	267	0.29
270	268	0.98
336	268	0.02
396	268	0.93
268	429	0.92
269	332	0.62
369	269	0.57
401	269	0.30
396	270	0.54
270	429	0.53
271	350	0.15
292	272	0.31
272	293	0.04
360	274	0.25
274	491	0.62
322	275	0.75
275	468	0.89
276	394	0.42
431	276	0.40
277	290	0.89
277	307	0.79
435	278	0.11
321	279	0.17
279	464	0.47
280	331	0.66
281	342	0.91
281	450	0.01
282	302	0.50
393	282	0.48
283	356	0.68
359	283	0.45
284	383	0.78
470	284	0.68
285	494	0.93
499	285	0.70
346	287	0.94
419	287	0.45
399	288	0.35
361	289	0.87
290	307	0.03
446	290	0.36
291	411	0.59
292	293	0.60
449	295	0.21
296	343	0.08
423	296	0.69
367	297	0.26
297	421	0.72
309	298	0.89
298	318	0.55
357	298	0.24
300	445	0.45
300	451	0.13
302	426	0.63
303	354	0.51
304	462	0.50
339	305	0.44
488	306	0.19
308	397	0.75
309	457	0.27
426	310	0.37
311	400	0.13
463	311	0.07
336	312	0.66
313	326	0.32
421	313	1.00
388	314	0.20
315	368	0.55
315	375	0.11
369	316	0.03
413	316	0.20
317	489	0.20
357	318	0.29
375	319	0.04
321	464	0.53
468	322	0.93
323	334	0.43
341	324	0.03
325	338	0.76
326	407	0.49
327	358	0.93
458	328	0.33
328	488	0.14
329	366	0.33
329	444	0.61
495	329	0.29
416	330	0.74
401	332	0.88
337	404	0.80
337	430	0.33
338	377	0.95
339	421	0.82
340	345	0.75
342	450	0.20
343	423	0.95
389	344	0.80
452	344	0.39
433	345	0.13
419	346	0.60
390	347	0.30
405	349	0.43
379	351	1.00
351	467	0.90
352	384	0.12
352	458	0.88
374	355	0.13
432	355	0.18
461	355	0.62
359	356	0.90
357	457	0.19
478	357	0.93
382	358	0.33
468	359	0.98
364	365	0.53
364	482	0.01
482	365	0.05
366	495	0.83
367	373	0.88
375	368	0.78
413	369	0.26
370	418	0.13
371	483	0.30
471	372	0.57
374	461	0.42
376	458	0.81
377	418	0.50
380	436	0.48
411	381	0.33
382	384	0.21
382	425	0.86
470	383	0.02
447	385	0.32
447	386	0.43
389	452	0.45
424	392	0.14
394	431	0.48
469	394	0.07
406	395	0.34
395	410	0.53
396	429	0.45
456	397	0.76
400	463	0.13
402	415	0.41
444	404	0.47
406	466	0.34
469	406	0.97
471	408	0.34
408	480	0.62
472	410	0.73
412	493	0.03
441	413	0.77
487	418	0.35
427	422	0.52
474	422	0.55
424	442	0.95
467	427	0.38
427	474	0.42
428	476	0.87
484	430	0.75
433	460	0.20
434	479	0.48
465	437	0.83
437	496	0.78
438	498	0.96
472	439	0.96
459	441	0.44
442	475	0.22
495	444	0.62
451	445	0.72
497	446	0.61
469	452	0.01
478	457	0.86
473	465	0.44
469	466	0.44
481	490	0.68
499	494	0.44
