0	17	0.19
89	0	0.78
0	155	0.54
1	17	0.01
1	117	0.75
202	1	0.05
482	1	0.04
2	35	0.88
112	2	0.71
2	288	0.31
377	2	0.05
3	197	0.01
231	3	0.69
3	417	0.22
4	10	0.99
4	83	0.85
4	141	0.48
4	209	0.66
32	5	0.97
5	218	0.25
391	5	0.42
31	6	0.86
40	6	0.98
6	67	0.34
152	7	0.35
154	7	0.59
399	7	0.51
131	8	0.67
8	221	0.89
283	8	0.95
8	381	0.51
9	145	0.89
9	173	0.23
330	9	0.20
9	498	0.99
10	83	0.84
462	10	0.86
10	475	0.51
201	11	0.28
11	217	0.25
11	276	0.41
12	58	0.86
109	12	0.78
12	146	0.40
226	12	0.90
18	13	0.09
13	92	0.27
13	158	0.33
20	14	0.89
14	204	0.13
14	208	0.07
357	14	0.80
51	15	0.15
15	66	0.95
15	124	0.75
87	16	0.14
200	16	0.69
485	16	0.32
424	17	0.07
482	17	0.28
92	18	0.48
18	190	0.77
19	34	0.03
19	65	0.21
99	19	0.70
19	126	0.90
204	20	0.12
20	378	0.05
20	405	0.36
21	49	0.17
21	57	0.93
81	21	0.80
201	22	0.48
22	217	0.41
22	228	0.46
22	363	0.69
84	23	0.98
23	106	0.67
23	166	0.59
171	24	0.04
24	177	0.40
274	24	0.54
383	24	0.31
25	325	0.86
25	345	0.95
472	25	0.08
358	26	0.80
26	360	0.58
466	26	0.01
27	38	0.02
27	127	0.46
27	245	0.78
27	348	0.06
28	67	0.65
264	28	0.23
28	318	0.87
53	29	0.45
29	101	0.06
29	467	1.00
30	152	0.90
414	30	0.08
454	30	0.90
30	463	0.80
31	40	0.86
122	31	0.73
32	218	0.06
32	391	0.11
90	33	0.70
33	277	0.50
487	33	0.79
34	99	0.52
264	34	0.47
133	35	0.40
288	35	0.94
50	36	0.76
182	36	0.09
36	207	0.17
346	36	0.65
396	37	0.36
37	408	0.01
452	37	0.23
245	38	0.85
263	38	0.18
38	473	0.96
39	170	0.01
39	208	0.29
39	223	0.67
99	40	0.73
40	122	0.65
59	41	0.20
163	41	0.35
206	41	0.72
41	211	0.10
56	42	0.76
222	42	0.19
42	279	0.57
464	42	0.54
43	105	0.20
425	43	0.45
43	431	0.10
76	44	0.65
44	437	0.27
459	44	0.34
45	52	0.03
329	45	0.97
403	45	0.80
45	471	0.97
46	172	0.76
46	284	0.62
46	405	0.94
47	108	0.46
47	151	0.29
176	47	0.97
293	47	0.39
48	132	0.37
139	48	0.12
477	48	1.00
52	49	0.75
57	49	0.91
49	81	0.43
50	265	0.03
50	346	0.58
447	50	0.66
66	51	0.83
51	492	0.34
471	52	0.20
53	184	0.24
467	53	0.41
54	132	0.88
313	54	0.65
54	440	0.23
88	55	0.45
153	55	0.77
55	303	0.95
56	222	0.28
278	56	0.51
134	57	0.82
369	58	0.27
58	458	0.31
59	136	0.18
206	59	0.75
59	211	0.02
60	337	0.37
373	60	0.27
60	384	0.72
433	60	0.02
61	130	0.48
61	150	0.06
268	61	0.73
61	438	0.02
62	158	0.13
62	258	0.38
62	259	0.89
63	77	0.23
215	63	0.38
63	332	0.48
63	342	0.10
64	69	0.54
64	85	0.71
64	333	0.69
65	314	0.71
65	386	0.04
66	334	0.01
67	318	0.17
67	470	0.53
384	68	0.32
392	68	0.34
68	476	0.60
68	484	0.67
85	69	0.75
69	414	0.01
103	70	0.02
70	397	0.10
465	70	0.26
71	79	0.13
311	71	0.90
423	71	0.77
248	72	0.25
382	72	0.93
72	457	0.33
115	73	0.47
73	169	0.34
73	385	0.39
74	104	0.02
194	74	0.75
74	201	1.00
75	220	0.71
223	75	0.66
297	75	0.38
76	112	0.70
76	437	0.68
121	77	0.72
342	77	0.57
77	415	0.14
95	78	0.04
313	78	0.62
440	78	0.84
79	230	0.42
79	311	0.97
423	79	0.27
80	104	0.34
251	80	0.70
335	80	0.66
474	80	0.06
81	370	0.82
94	82	0.82
82	232	0.91
341	82	0.41
209	83	0.48
84	269	0.08
84	379	0.24
84	402	0.68
333	85	0.80
170	86	0.21
86	182	0.76
86	233	0.90
87	200	0.75
485	87	0.47
88	193	0.13
199	88	0.36
88	303	0.16
89	155	0.31
89	395	0.16
207	90	0.28
90	362	0.68
160	91	0.97
167	91	0.02
91	354	0.21
92	190	0.89
439	92	0.33
192	93	0.41
356	93	0.48
93	422	0.31
94	232	0.27
94	498	0.73
168	95	0.09
95	184	0.18
347	95	0.29
254	96	0.19
286	96	0.88
96	390	0.51
186	97	0.82
97	337	0.46
365	97	0.04
410	97	0.39
307	98	0.70
98	380	0.62
98	491	0.36
99	264	0.77
100	116	0.94
239	100	0.34
100	452	0.54
172	101	0.66
101	405	0.28
102	179	0.26
102	292	0.75
102	387	0.31
397	103	0.84
103	465	0.21
104	194	0.93
221	105	0.85
105	425	0.76
105	431	0.87
106	159	0.50
166	106	0.17
106	269	0.79
242	107	0.79
338	107	0.84
107	372	0.49
445	107	0.65
176	108	0.84
108	293	0.20
226	109	0.83
369	109	0.20
120	110	0.67
110	281	0.07
110	375	0.72
114	111	0.16
111	159	0.16
353	111	0.96
111	389	0.82
112	288	0.07
415	112	0.69
203	113	0.11
262	113	0.47
407	113	0.49
159	114	0.39
389	114	0.16
316	115	0.70
115	331	0.48
115	385	0.87
116	239	0.98
116	441	0.12
117	424	0.03
482	117	0.75
147	118	0.06
261	118	0.82
118	356	0.28
119	230	0.24
311	119	0.73
423	119	0.90
236	120	0.36
367	120	0.80
121	215	0.61
415	121	0.35
348	122	0.56
137	123	0.83
248	123	0.01
418	123	0.02
124	243	0.36
124	352	0.02
436	124	0.14
125	273	0.85
125	296	0.91
366	125	0.10
192	126	0.88
126	312	0.41
126	439	0.41
127	245	0.50
263	127	0.71
127	336	0.72
247	128	0.17
128	361	0.12
489	128	0.19
219	129	0.02
236	129	0.89
129	267	0.17
129	310	0.05
130	150	0.29
411	130	0.46
130	438	0.90
221	131	0.33
283	131	0.55
477	132	0.20
133	222	0.09
133	284	0.80
377	133	0.15
319	134	0.99
134	329	0.21
135	271	0.01
317	135	0.20
481	135	0.06
136	426	0.15
136	493	0.98
326	137	0.97
418	137	0.22
138	156	0.14
194	138	0.82
464	138	0.56
347	139	0.04
429	139	0.56
140	224	0.44
140	240	0.96
255	140	0.96
399	140	0.82
287	141	0.71
289	141	0.51
142	175	0.16
142	195	0.10
322	142	0.37
430	142	0.67
143	256	0.18
143	299	0.42
143	401	0.49
144	419	0.96
471	144	0.05
492	144	0.37
145	173	0.93
330	145	0.44
488	145	0.48
146	226	0.59
146	369	0.05
146	437	0.88
147	234	0.02
261	147	0.36
148	343	0.08
375	148	0.27
478	148	0.26
149	257	0.65
434	149	0.53
475	149	0.95
268	150	0.28
150	411	0.46
306	151	0.81
368	151	0.36
152	154	0.26
399	152	0.10
153	193	0.82
153	199	0.03
233	153	0.88
203	154	0.13
155	349	0.03
156	257	0.24
156	464	0.95
386	157	0.81
443	157	0.08
456	157	0.70
158	339	0.55
495	158	0.65
159	389	0.92
160	345	0.87
160	354	0.20
183	161	0.86
240	161	0.38
428	161	0.67
164	162	0.21
285	162	0.12
359	162	0.94
162	479	0.15
197	163	0.07
163	231	0.26
388	163	0.79
285	164	0.83
359	164	0.61
216	165	0.97
165	238	0.99
252	165	0.93
165	253	0.64
166	269	0.04
166	379	0.35
167	241	0.85
167	406	0.76
168	184	0.74
461	168	0.84
169	316	0.49
385	169	0.34
169	413	0.63
170	208	0.34
171	177	0.57
171	274	0.88
171	306	0.48
405	172	0.99
191	173	0.29
173	488	0.67
174	318	0.06
174	343	0.34
478	174	0.41
249	175	0.39
309	175	0.30
176	293	0.59
188	177	0.09
177	274	0.41
178	304	0.93
178	323	0.71
349	178	0.10
370	178	0.18
292	179	0.39
387	179	0.53
180	227	0.93
180	300	0.38
468	180	0.25
246	181	0.28
181	270	0.60
181	419	0.96
181	473	0.07
233	182	0.94
183	240	0.53
280	183	0.79
461	184	0.30
185	315	0.21
185	376	0.42
185	410	0.39
186	337	0.10
410	186	0.96
198	187	0.06
187	260	0.39
187	496	0.64
188	265	0.69
188	334	0.04
189	314	0.92
350	189	0.88
189	381	0.35
190	401	0.42
191	488	0.36
498	191	0.08
192	312	0.64
192	439	0.59
193	212	0.34
193	303	0.26
195	322	0.25
195	430	0.84
196	253	0.58
196	332	0.55
436	196	0.50
196	497	0.97
197	231	0.94
197	417	0.28
198	260	0.11
198	496	0.85
199	212	0.03
463	199	0.10
200	485	0.41
217	201	0.10
424	202	0.70
202	482	0.74
203	407	0.33
204	250	0.49
205	259	0.60
393	205	0.98
205	403	0.45
205	444	0.07
206	211	0.99
207	362	0.90
295	209	0.22
210	321	0.53
409	210	0.31
210	421	0.08
210	486	0.73
211	244	0.38
212	312	0.81
302	213	0.84
420	213	0.33
213	444	0.05
469	213	0.65
214	374	0.36
432	214	0.67
214	494	0.23
415	215	0.64
441	215	0.08
238	216	0.19
252	216	0.10
363	217	0.15
391	218	0.19
219	236	0.15
219	310	0.25
219	340	0.26
220	223	0.85
297	220	0.06
283	221	0.34
222	279	0.71
297	223	0.71
235	224	0.93
224	428	0.45
225	339	0.16
344	225	0.54
495	225	0.56
226	369	0.97
227	300	0.84
227	468	0.35
276	228	0.75
363	228	0.88
228	442	0.07
229	266	0.67
229	427	0.38
229	446	0.51
229	490	0.68
311	230	0.43
230	423	0.84
388	231	0.29
341	232	0.58
232	379	0.36
364	234	0.53
234	435	1.00
235	412	0.19
428	235	0.43
340	236	0.48
237	320	0.92
237	324	0.30
237	448	0.51
252	238	0.14
238	327	0.06
239	328	0.17
441	239	0.58
280	240	0.58
241	261	0.19
241	406	0.24
242	338	0.72
445	242	0.79
325	243	0.09
352	243	0.89
243	436	0.01
244	295	0.72
458	244	0.43
245	263	0.41
246	270	0.85
473	246	0.62
267	247	0.29
327	247	0.01
248	457	0.34
249	309	0.10
249	413	0.15
249	429	0.93
301	250	0.87
250	391	0.50
251	335	0.17
474	251	0.89
497	253	0.91
286	254	0.71
348	254	0.37
254	390	0.70
255	280	0.96
255	466	0.30
256	294	0.99
256	401	0.13
464	257	0.70
339	258	0.30
344	258	0.01
259	393	0.29
259	444	0.03
260	406	0.67
496	260	0.88
294	262	0.92
262	355	0.56
348	263	0.24
265	334	0.29
266	351	0.37
490	266	0.48
327	267	0.25
268	411	0.98
438	268	0.24
269	402	0.90
270	473	0.26
271	317	0.39
271	481	0.40
328	272	0.52
450	272	0.39
455	272	0.63
296	273	0.35
273	341	0.92
366	273	0.62
277	275	0.28
282	275	0.01
275	421	0.09
309	276	0.32
363	276	0.19
487	277	0.85
302	278	0.06
278	420	0.31
278	480	0.63
362	279	0.02
281	375	0.46
443	281	0.32
380	282	0.72
421	282	0.27
377	284	0.66
340	285	0.76
359	285	0.10
286	390	0.57
286	499	0.48
289	287	0.48
422	287	0.88
377	288	0.93
289	361	0.03
290	305	0.87
460	290	0.57
290	489	0.39
499	290	0.77
291	323	1.00
447	291	0.85
291	451	0.99
292	387	0.09
355	294	0.18
295	458	0.92
296	366	0.13
392	298	0.83
453	298	0.60
298	476	0.60
298	484	0.87
299	308	0.14
299	371	0.41
299	412	0.38
468	300	0.39
301	357	0.73
456	301	0.39
302	469	0.90
349	304	0.69
304	370	0.38
460	305	0.71
472	305	0.78
368	306	0.71
326	307	0.14
380	307	0.23
307	491	0.02
371	308	0.74
308	412	0.11
309	413	0.74
367	310	0.66
312	439	0.54
440	313	0.76
386	314	0.39
315	376	0.12
418	315	0.89
316	331	0.63
477	317	0.59
317	481	0.63
318	470	0.45
319	329	0.95
319	432	0.33
320	324	0.23
448	320	0.88
409	321	0.24
321	486	0.13
322	430	0.30
451	323	0.73
324	448	0.44
345	325	0.60
442	325	0.36
326	418	0.83
461	326	0.33
450	328	0.52
330	368	0.07
330	498	0.33
385	331	0.60
497	332	0.20
333	434	0.07
474	335	0.29
361	336	0.18
336	489	0.98
365	337	0.09
338	445	0.40
495	339	0.62
340	367	0.77
342	346	0.28
343	478	0.77
487	344	0.49
344	495	0.94
345	442	0.81
346	447	0.19
429	347	0.88
370	349	0.92
381	350	0.71
350	426	0.96
351	404	0.71
351	446	0.61
351	463	0.03
352	436	0.22
353	382	0.19
353	455	0.18
378	354	0.63
388	355	0.76
422	356	0.56
378	357	0.75
450	357	0.86
364	358	0.80
435	358	0.67
360	427	0.13
360	466	0.22
361	489	0.97
435	364	0.43
467	364	0.09
410	365	0.90
396	367	0.22
371	412	0.27
394	372	0.27
459	372	0.84
483	372	0.37
373	384	0.70
373	398	0.81
402	374	0.23
374	432	0.76
374	494	0.63
440	376	0.46
402	379	0.60
380	491	0.44
382	455	0.14
408	383	0.24
383	479	0.86
384	433	0.32
388	417	0.90
392	453	0.14
444	393	0.64
394	459	0.13
394	483	0.71
398	395	0.74
433	395	0.70
452	396	0.40
396	472	0.17
465	397	0.67
398	433	0.26
416	400	0.48
449	400	0.27
400	462	0.32
400	483	0.46
471	403	0.22
404	427	0.13
404	446	0.22
451	407	0.08
408	479	0.46
449	409	0.08
486	409	0.98
411	438	0.71
454	414	0.95
416	449	0.11
462	416	0.82
492	419	0.30
469	420	0.59
480	420	0.62
425	431	0.68
493	426	0.58
427	490	0.38
432	494	0.18
475	434	0.38
442	457	0.02
443	456	0.52
462	449	0.65
452	472	0.49
453	476	0.87
484	453	0.37
463	454	0.82
459	483	0.04
499	460	0.05
480	469	0.43
493	470	0.77
484	476	0.73
