0	15	0.52
111	0	0.51
0	388	0.94
0	410	0.68
1	190	0.92
199	1	0.06
433	1	0.46
1	480	0.01
11	2	0.49
2	85	0.46
156	2	0.03
2	182	0.90
144	3	0.88
3	204	0.40
3	381	0.84
3	494	0.99
4	301	0.16
4	443	0.99
456	4	0.43
4	496	0.98
6	5	0.19
329	5	0.89
485	5	0.90
6	185	0.35
329	6	0.72
35	7	0.07
63	7	0.53
297	7	0.43
7	391	0.69
78	8	0.38
8	212	0.46
8	422	0.43
9	24	0.74
231	9	0.60
9	359	0.59
9	377	0.24
251	10	0.81
10	344	0.81
347	10	0.71
11	384	0.97
11	390	0.33
12	213	0.11
265	12	0.74
12	404	0.04
406	12	0.89
200	13	0.66
13	277	0.60
13	437	0.06
481	13	0.73
14	22	0.99
14	302	0.37
455	14	0.09
111	15	0.44
15	388	0.56
16	147	0.86
291	16	0.46
308	16	0.22
81	17	0.45
129	17	0.42
225	17	0.72
138	18	0.36
18	140	0.42
18	201	0.18
18	447	0.38
77	19	0.20
19	150	0.93
155	19	0.90
19	208	0.31
20	57	0.56
20	245	0.70
20	250	0.77
91	21	0.41
113	21	0.17
21	130	0.02
22	302	0.68
22	402	0.27
40	23	0.66
23	426	0.71
23	435	0.89
359	24	0.24
24	377	0.57
67	25	0.54
105	25	0.33
25	215	0.01
25	398	0.37
115	26	0.36
325	26	0.44
26	397	0.01
239	27	0.29
27	309	0.28
27	498	0.24
28	96	0.62
28	256	0.50
28	475	0.76
93	29	0.16
29	424	0.64
429	29	0.27
30	81	0.82
30	197	0.99
30	474	0.64
106	31	0.17
314	31	0.97
31	454	0.34
32	83	0.58
153	32	0.36
32	163	0.94
32	399	0.11
206	33	0.53
33	210	0.58
226	33	0.98
34	216	0.27
385	34	0.46
499	34	0.21
63	35	0.73
262	35	0.24
297	35	0.47
36	143	0.89
405	36	0.73
448	36	0.25
36	457	0.58
98	37	0.22
282	37	0.01
319	37	0.79
37	430	0.70
38	307	0.35
38	348	0.69
38	349	0.41
416	38	0.22
39	256	0.14
353	39	0.17
425	39	0.32
76	40	0.72
40	193	0.87
426	40	0.73
205	41	0.44
41	233	0.05
476	41	0.56
41	491	0.89
152	42	0.69
42	220	0.71
270	42	0.89
42	379	0.04
230	43	0.73
43	306	0.95
417	43	0.81
56	44	0.96
44	59	0.22
44	354	0.81
44	466	0.75
45	160	0.57
45	370	0.93
45	470	0.10
104	46	0.63
195	46	0.64
46	479	0.75
62	47	0.62
342	47	0.51
441	47	0.64
239	48	0.32
48	269	0.41
48	423	0.58
49	121	0.92
290	49	0.53
296	49	0.55
49	308	0.65
271	50	0.37
50	335	0.14
352	50	0.18
50	389	0.08
121	51	0.72
51	217	0.53
225	51	0.02
109	52	0.18
52	228	0.82
52	355	0.31
90	53	0.97
130	53	0.96
184	53	0.60
54	70	0.70
54	73	0.38
412	54	0.28
55	142	0.77
55	176	0.03
303	55	0.52
56	59	0.24
303	56	0.92
57	245	0.02
57	250	0.48
68	58	0.80
58	88	0.87
58	315	0.11
59	318	0.02
60	224	0.06
60	440	0.56
461	60	0.84
61	246	0.49
61	310	0.59
61	488	0.50
62	345	0.98
62	400	0.33
63	209	0.32
63	297	0.62
64	130	0.03
64	184	0.42
64	319	0.90
490	64	0.01
155	65	0.06
65	166	0.91
65	366	0.38
453	65	0.47
66	192	0.41
198	66	0.97
66	283	0.83
105	67	0.07
67	215	0.90
140	68	0.04
165	68	0.28
249	69	0.47
280	69	0.99
69	436	0.43
362	70	0.89
70	412	0.41
71	72	0.16
71	117	0.01
447	71	0.20
72	172	0.98
72	295	0.51
351	72	0.02
78	73	0.72
73	212	0.92
73	274	0.72
119	74	0.33
170	74	0.67
74	263	0.68
276	75	0.09
328	75	0.14
473	75	0.14
76	193	0.94
76	426	0.24
435	76	0.44
77	150	0.51
208	77	0.14
212	78	0.59
179	79	0.11
79	313	0.38
397	79	0.28
80	107	0.45
122	80	0.53
141	80	0.16
80	258	0.89
81	129	0.79
82	154	0.36
166	82	0.79
264	82	0.27
82	295	0.22
83	163	0.93
83	291	0.63
442	83	0.58
84	134	0.98
321	84	0.71
84	322	0.01
85	156	0.88
85	299	0.89
390	85	0.55
86	102	0.94
152	86	0.25
350	86	0.41
86	360	0.65
87	102	0.36
231	87	0.20
332	87	0.50
315	88	0.62
88	490	0.19
89	171	0.82
89	388	0.64
403	89	0.13
90	164	0.75
490	90	0.49
113	91	0.18
297	91	0.02
92	198	0.83
253	92	0.89
92	324	0.96
97	93	0.03
424	93	0.20
429	93	1.00
94	181	0.42
94	229	0.78
94	372	0.95
94	378	0.43
111	95	0.08
95	223	0.28
278	95	0.17
95	393	0.40
96	220	0.45
96	475	0.28
97	128	0.70
421	97	0.73
98	282	0.78
98	319	0.48
415	99	0.02
99	452	0.78
99	486	0.05
100	138	0.74
241	100	0.66
100	292	0.01
334	100	0.26
244	101	0.17
101	260	0.94
382	101	0.72
417	101	0.85
102	350	0.18
252	103	0.57
293	103	0.14
362	103	0.41
104	318	0.77
104	479	0.50
215	105	0.67
106	243	0.61
314	106	0.27
106	359	0.04
107	122	0.55
141	107	0.15
167	108	0.96
235	108	0.17
482	108	0.26
228	109	0.99
355	109	0.11
202	110	0.17
110	242	0.78
110	369	0.41
111	388	0.15
112	168	0.94
112	178	0.48
304	112	0.23
247	113	0.53
146	114	0.50
114	267	0.03
114	276	0.92
467	114	0.84
251	115	0.94
325	115	0.31
394	115	0.25
116	138	0.76
241	116	0.24
292	116	0.98
351	117	0.47
492	117	0.01
220	118	0.23
118	340	0.57
118	379	0.98
170	119	0.95
119	263	0.99
120	213	0.27
248	120	0.85
430	120	0.36
121	268	0.72
121	499	0.32
122	141	0.54
413	122	0.59
123	153	0.33
260	123	0.01
123	410	0.58
428	123	0.87
134	124	0.05
285	124	0.42
124	358	0.62
125	177	0.20
125	238	0.71
467	125	0.90
126	169	0.96
230	126	0.56
299	126	0.94
324	126	0.66
127	305	0.79
127	460	0.77
491	127	0.53
145	128	0.24
128	154	0.59
128	421	0.38
141	129	0.55
164	130	0.70
131	383	0.98
131	418	0.61
483	131	0.66
284	132	0.98
132	407	0.18
438	132	0.33
249	133	0.22
286	133	0.87
375	133	0.87
134	272	0.45
134	285	0.73
167	135	0.90
414	135	0.33
422	135	0.90
258	136	0.02
136	363	0.40
136	419	0.79
139	137	0.66
364	137	0.68
137	392	0.24
139	316	0.58
139	451	0.93
139	462	0.54
165	140	0.33
174	142	0.70
142	246	0.82
465	142	0.52
445	143	0.75
143	457	0.71
143	493	0.91
144	196	0.92
144	204	0.49
494	144	0.24
145	187	0.87
421	145	0.90
267	146	0.40
146	276	0.67
291	147	0.78
443	147	0.24
201	148	0.89
148	279	0.06
447	148	0.38
222	149	0.53
149	236	0.47
296	149	0.60
149	346	0.74
150	208	0.47
202	151	0.13
324	151	0.64
151	374	0.34
152	350	0.65
153	260	0.84
428	153	0.60
264	154	0.56
295	154	0.40
155	166	0.25
453	155	0.57
156	385	0.07
156	390	0.53
157	300	0.12
361	157	0.77
495	157	0.57
323	158	0.79
361	158	0.27
458	158	0.39
395	159	0.73
159	399	0.36
468	159	0.25
160	370	0.31
409	160	0.06
470	160	0.80
171	161	0.40
354	161	0.41
161	403	0.05
186	162	0.18
162	387	0.16
162	449	0.01
163	442	0.76
163	464	0.02
164	184	0.48
165	221	0.73
235	167	0.39
167	482	0.29
178	168	0.58
168	304	0.72
169	230	0.52
169	374	0.37
170	263	0.06
171	403	0.30
351	172	0.77
492	172	0.37
173	271	0.15
173	272	0.21
173	285	0.07
321	174	0.38
402	174	0.38
484	174	0.05
175	189	0.35
259	175	0.14
175	409	0.11
176	402	0.81
176	465	0.66
484	176	0.75
238	177	0.24
436	177	0.26
304	178	0.15
179	232	0.66
179	313	0.74
397	179	0.70
275	180	0.38
180	376	0.51
180	427	0.68
181	372	0.33
378	181	0.22
181	489	0.39
365	182	0.18
478	182	0.41
183	244	0.70
183	382	0.65
183	417	0.20
184	227	0.04
191	185	0.63
439	185	0.42
186	284	0.33
186	449	0.71
186	473	0.77
187	312	0.46
187	437	0.27
240	188	0.97
188	288	0.52
188	444	0.64
189	274	0.99
464	189	0.58
190	357	0.99
190	380	0.45
190	478	0.36
191	286	0.34
191	439	0.41
192	283	0.66
192	309	0.96
193	207	0.32
362	193	0.19
194	367	0.10
194	401	0.18
194	486	0.75
195	268	0.52
195	296	0.87
196	204	0.84
381	196	0.55
197	423	0.01
474	197	0.64
253	198	0.18
198	331	0.86
199	433	0.90
199	480	0.04
200	277	0.68
307	200	0.12
200	481	0.90
201	247	0.31
202	242	0.78
203	259	0.81
327	203	0.94
203	398	0.02
494	204	0.72
205	325	0.08
205	476	0.13
206	210	0.81
206	226	0.65
387	207	0.46
497	207	0.38
209	281	0.52
338	209	0.34
210	226	0.63
270	210	0.75
211	233	0.61
289	211	0.65
408	211	0.26
269	212	0.66
265	213	0.15
404	213	0.73
219	214	0.55
214	266	0.89
214	420	0.62
216	343	0.67
216	385	0.31
225	217	0.01
492	217	0.69
218	342	0.57
345	218	0.64
441	218	0.35
219	266	0.85
219	420	0.48
270	220	0.38
336	221	0.78
221	455	0.72
222	236	0.03
222	346	0.93
474	222	0.21
254	223	0.02
223	393	0.49
223	487	0.57
224	241	0.48
224	440	0.34
224	461	0.09
261	227	0.98
227	396	0.36
463	227	0.46
379	228	0.77
229	372	0.80
378	229	0.46
230	374	0.69
231	332	1.00
432	232	0.84
469	232	0.33
233	408	0.14
234	340	0.27
234	369	0.87
406	234	0.21
235	482	0.68
236	346	0.46
453	236	0.90
257	237	0.64
237	262	0.78
237	273	0.41
237	459	0.18
491	238	0.61
309	239	0.79
288	240	0.42
240	331	0.89
240	444	0.80
334	241	0.84
242	338	0.98
243	314	0.42
441	243	0.67
306	244	0.90
382	244	0.66
245	250	0.61
246	310	0.79
247	279	0.67
248	373	0.32
430	248	0.36
249	280	0.35
249	436	0.09
344	251	0.64
347	251	0.12
293	252	0.89
362	252	0.48
253	331	0.22
254	278	0.86
254	393	0.36
254	487	0.10
255	281	0.23
301	255	0.75
471	255	0.96
425	256	0.10
257	262	0.44
257	273	0.61
258	419	0.39
409	259	0.28
428	260	0.39
261	378	0.31
396	261	0.46
261	463	0.45
262	273	0.93
295	264	0.08
404	265	0.87
266	315	0.29
420	266	0.34
267	431	1.00
267	467	0.68
268	290	0.61
268	296	0.58
423	269	0.85
340	270	0.26
285	271	0.68
358	272	0.94
274	464	0.39
376	275	0.07
427	275	0.71
467	276	0.20
277	438	0.15
481	277	0.97
487	278	0.84
447	279	0.77
436	280	0.63
281	338	0.61
282	319	0.57
419	283	0.93
284	438	0.94
375	286	0.62
317	287	0.08
326	287	0.74
366	287	0.56
334	288	0.48
444	288	0.41
289	330	0.61
289	339	0.32
343	289	0.32
412	290	0.91
499	290	0.18
291	308	0.05
292	334	0.29
468	293	0.46
294	333	0.95
434	294	0.69
294	450	0.03
454	294	0.54
298	333	0.79
298	434	0.01
450	298	0.21
299	384	0.85
300	361	0.25
495	300	0.27
471	301	0.89
302	327	0.37
303	354	0.31
303	466	0.70
304	401	0.97
305	460	0.72
472	305	0.67
306	322	0.28
382	306	0.35
307	348	0.56
411	307	0.62
308	314	0.21
396	310	0.72
317	311	0.23
326	311	0.58
477	311	0.24
485	311	0.67
312	337	0.49
437	312	0.51
313	371	0.77
313	397	0.26
364	316	0.80
316	451	0.74
460	316	0.42
485	317	0.92
318	466	0.84
360	320	0.75
320	363	0.54
495	320	0.45
321	322	0.14
323	355	0.69
323	458	0.70
324	374	0.50
325	394	0.27
366	326	0.16
477	326	0.86
327	398	0.33
328	353	0.53
472	328	0.11
329	339	0.85
339	330	0.84
343	330	0.19
330	457	0.45
446	332	0.86
450	333	0.95
335	352	0.61
335	358	0.56
389	335	0.35
455	336	0.72
336	493	0.33
391	337	0.07
407	337	0.22
341	368	0.59
386	341	0.28
341	446	0.49
400	342	0.66
342	441	0.33
344	347	0.11
345	400	0.29
458	345	0.50
347	384	0.30
348	416	0.63
348	431	0.49
356	349	0.99
373	349	0.34
413	349	0.67
350	439	0.66
351	492	0.04
352	389	0.81
353	472	0.58
354	466	0.90
356	373	0.32
356	413	0.01
365	357	0.53
380	357	0.49
377	359	0.15
363	360	0.14
392	364	0.43
462	364	0.64
380	365	0.69
365	478	0.41
366	477	0.56
367	371	0.07
488	367	0.21
386	368	0.82
446	368	0.01
406	369	0.58
370	425	0.89
470	370	0.22
488	371	0.57
413	373	0.35
375	445	0.44
376	427	0.49
405	379	0.90
380	475	0.54
381	394	0.23
418	383	0.33
463	383	0.88
383	483	0.65
384	390	0.07
416	386	0.33
386	446	0.10
387	497	0.32
391	407	0.24
392	451	0.42
487	393	0.03
395	399	0.41
395	468	0.53
468	399	0.39
486	401	0.85
465	402	0.15
405	448	0.24
457	405	0.66
408	414	0.96
428	410	0.65
415	411	0.89
411	431	0.78
414	422	0.36
452	415	0.53
418	483	0.46
424	429	0.55
435	426	0.81
429	484	0.52
469	432	0.51
476	432	0.24
433	480	0.50
454	434	0.52
440	461	0.78
497	442	0.18
456	443	0.78
496	443	0.54
482	444	0.58
445	448	0.48
493	445	0.58
449	473	0.52
450	454	0.26
462	451	0.41
452	469	0.87
456	496	0.11
489	459	0.51
459	498	0.88
465	484	0.87
479	471	0.89
491	476	0.90
477	485	0.81
498	489	0.59
