0	290	0.77
368	0	0.88
0	476	0.97
1	105	0.50
1	129	0.10
186	1	0.91
277	1	0.44
2	180	0.98
261	2	0.08
2	342	0.33
349	3	0.45
3	366	0.31
434	3	0.93
4	30	0.02
4	171	0.55
4	358	0.01
5	277	0.45
5	298	0.35
306	5	0.31
6	20	0.89
244	6	0.19
356	6	0.98
300	7	0.28
7	369	0.70
416	7	0.59
419	7	0.94
19	8	0.39
113	8	0.99
8	120	0.03
150	8	0.27
9	50	0.26
9	410	0.29
9	438	0.43
468	9	0.56
10	188	0.81
10	229	0.30
340	10	0.64
11	26	0.30
43	11	0.39
11	270	0.89
12	29	0.60
12	231	0.33
367	12	0.60
12	438	0.46
343	13	0.33
363	13	0.84
13	394	0.80
14	234	0.56
322	14	0.03
14	462	0.27
14	481	0.01
246	15	0.89
384	15	0.60
15	473	0.06
16	201	0.98
375	16	0.53
478	16	0.86
166	17	0.16
328	17	1.00
338	17	0.82
376	17	0.19
18	317	0.06
18	359	0.40
18	424	0.49
202	19	0.08
19	441	0.25
467	19	0.46
20	252	0.79
20	324	0.71
21	142	0.70
21	282	0.55
352	21	0.81
475	21	0.07
22	104	0.06
22	175	0.11
22	362	0.79
397	22	0.20
23	33	0.11
23	43	0.93
101	23	0.83
23	430	0.55
188	24	0.99
304	24	0.40
24	410	0.69
25	82	0.60
176	25	0.80
260	25	0.97
25	397	0.92
79	26	0.64
26	270	0.18
27	47	0.71
27	244	0.25
27	381	0.17
28	127	0.91
158	28	0.72
28	420	0.08
490	28	0.69
29	231	0.47
29	367	0.43
29	395	0.33
68	30	0.57
358	30	0.15
30	430	0.28
31	115	0.42
241	31	0.10
31	365	0.72
32	276	0.42
284	32	0.53
32	398	0.03
43	33	0.95
33	101	0.95
63	34	0.95
67	34	0.64
125	34	0.74
455	34	0.03
109	35	0.77
35	178	0.33
196	35	0.94
110	36	0.80
36	459	0.04
470	36	0.86
279	37	0.19
329	37	0.99
37	399	0.10
38	116	0.85
38	278	0.49
38	389	0.58
264	39	0.47
39	333	0.01
348	39	0.38
286	40	0.30
312	40	0.77
40	440	0.34
465	40	0.56
347	41	0.68
41	353	0.59
461	41	0.35
41	492	0.62
46	42	0.58
42	60	0.01
75	42	0.92
42	415	0.76
101	43	0.01
44	146	0.16
224	44	0.52
417	44	0.18
45	117	0.03
45	293	0.77
45	463	0.06
46	60	0.41
46	75	0.02
47	244	0.95
381	47	0.29
440	47	0.58
48	66	0.34
137	48	0.42
250	48	0.10
294	48	0.26
106	49	0.40
49	197	0.61
49	471	0.47
50	235	0.08
249	50	0.04
61	51	0.65
51	114	0.42
373	51	0.87
52	84	0.07
166	52	0.04
52	457	0.66
64	53	0.91
53	154	0.63
393	53	0.12
73	54	0.63
54	307	0.38
54	499	0.63
337	55	0.82
403	55	0.74
412	55	1.00
56	348	0.03
56	395	0.43
458	56	0.71
57	59	0.29
57	280	0.37
281	57	0.01
57	444	0.37
124	58	0.54
58	262	0.84
58	360	0.82
433	58	0.38
59	91	0.87
59	316	0.13
60	92	0.47
60	314	0.41
61	118	0.66
173	61	0.94
61	240	0.41
62	117	0.70
62	195	0.08
62	391	0.87
63	105	0.95
63	272	0.28
64	154	0.33
64	400	0.28
65	111	0.14
65	144	0.16
357	65	0.91
294	66	0.57
66	320	0.07
66	369	0.68
156	67	0.45
67	272	0.78
287	67	0.68
68	89	0.43
378	68	0.22
69	174	0.14
206	69	0.66
242	69	0.92
236	70	0.39
271	70	0.89
70	385	0.05
102	71	0.06
71	145	0.22
71	291	0.96
71	374	0.73
85	72	0.68
72	364	0.43
72	476	0.49
354	73	0.82
499	73	0.48
74	121	0.39
74	297	0.98
482	74	0.35
92	75	0.23
75	205	0.78
136	76	0.59
203	76	0.81
217	76	0.50
77	182	0.27
77	257	0.51
343	77	0.86
78	140	0.54
422	78	0.62
426	78	0.56
133	79	0.80
79	399	0.31
122	80	0.79
80	219	0.32
382	80	0.18
140	81	0.10
81	251	0.74
81	422	0.59
81	486	0.14
208	82	0.25
321	82	0.63
82	345	0.36
83	192	0.38
83	418	0.39
456	83	0.13
84	177	0.63
398	84	0.52
85	290	0.87
85	368	0.94
85	476	0.29
259	86	0.62
86	423	0.27
495	86	0.10
421	87	0.12
87	436	0.61
87	442	0.26
214	88	0.42
292	88	0.71
301	88	0.75
89	226	0.31
89	378	0.04
90	227	0.74
248	90	0.09
90	267	0.59
388	90	0.47
96	91	0.58
316	91	0.23
92	314	0.43
415	92	0.98
93	145	0.99
163	93	0.29
296	93	0.84
498	93	0.39
94	165	0.65
94	226	0.14
94	326	0.29
95	179	0.75
193	95	0.34
95	270	0.59
319	95	0.55
96	198	0.66
96	237	0.41
97	112	0.79
97	128	0.40
210	97	0.78
98	132	0.87
98	243	0.95
274	98	0.89
98	332	0.87
99	299	0.60
99	331	0.54
392	99	0.03
99	428	0.02
314	100	0.15
396	100	0.82
100	496	0.62
141	102	0.82
291	102	0.63
102	374	0.23
184	103	0.40
208	103	0.86
321	103	0.46
103	345	0.36
104	279	0.73
362	104	0.45
105	129	0.35
186	105	0.18
106	197	0.32
106	413	0.31
471	106	0.20
200	107	0.74
280	107	0.77
445	107	0.34
170	108	0.01
221	108	0.54
386	108	0.53
109	139	0.54
109	207	0.76
109	425	0.50
110	135	0.29
110	191	0.88
144	111	0.19
357	111	0.65
128	112	0.11
112	210	0.16
113	120	0.56
150	113	0.20
323	113	0.14
240	114	0.78
373	114	0.81
115	149	0.93
241	115	0.70
409	115	0.42
278	116	0.70
389	116	0.35
463	117	0.51
118	240	0.69
118	373	0.47
471	118	0.09
119	249	0.28
119	268	0.87
379	119	0.54
472	119	0.46
120	367	0.16
120	400	0.92
121	157	0.63
297	121	0.34
122	219	0.54
382	122	0.74
123	232	0.04
384	123	0.22
401	123	0.59
262	124	0.81
124	451	0.71
125	156	0.93
125	455	0.36
242	126	0.65
126	295	0.99
393	126	0.78
420	127	0.79
490	127	0.86
128	210	0.09
129	186	0.91
183	130	0.70
364	130	0.52
130	443	0.99
131	143	0.95
195	131	0.52
205	131	0.65
132	243	0.66
132	274	0.29
332	132	0.38
399	133	0.54
133	413	0.15
165	134	0.53
289	134	0.09
318	134	0.76
437	134	0.29
135	191	0.55
135	368	0.53
203	136	0.75
497	136	0.13
231	137	0.27
294	137	0.31
137	320	0.10
138	173	0.42
303	138	0.35
360	138	0.99
138	469	0.54
139	196	0.54
139	207	0.77
139	473	0.31
251	140	0.83
486	140	0.36
141	169	0.20
339	141	0.63
432	141	0.73
142	282	0.80
142	352	0.61
143	205	0.78
143	233	0.03
357	144	0.45
145	291	0.02
374	145	0.46
417	146	0.20
146	491	0.97
322	147	0.36
452	147	0.60
479	147	0.39
148	285	0.65
327	148	0.69
341	148	0.24
149	346	0.18
392	149	0.30
150	323	0.97
150	400	0.97
233	151	0.23
313	151	0.99
151	315	0.95
152	153	0.32
152	213	0.68
309	152	0.19
164	153	0.67
224	153	0.82
153	247	0.06
276	154	0.90
155	171	0.64
155	238	0.17
155	478	0.16
272	156	0.23
283	157	0.13
460	157	0.23
420	158	0.74
490	158	0.52
172	159	0.73
159	256	0.01
402	159	0.23
160	254	0.76
258	160	0.51
406	160	0.90
486	160	0.04
216	161	0.78
161	225	0.56
228	161	0.82
161	385	0.16
162	175	0.25
162	239	0.44
162	403	0.11
163	189	0.97
163	296	0.72
498	163	0.89
164	224	0.80
247	164	0.47
165	226	0.35
165	326	0.67
166	457	0.28
167	287	0.78
167	345	0.49
439	167	0.90
199	168	0.36
168	227	0.01
168	474	0.26
169	213	0.17
339	169	0.63
432	169	0.80
221	170	0.18
170	386	0.33
358	171	0.37
172	303	0.43
172	489	0.84
173	360	0.49
469	173	0.15
242	174	0.20
494	174	0.19
362	175	0.80
176	260	0.89
176	382	0.09
397	176	0.79
268	177	0.02
177	398	0.94
178	196	0.54
178	207	0.37
425	178	0.05
179	193	0.04
463	179	0.09
217	180	0.19
180	342	0.39
181	212	0.92
181	297	0.81
181	401	0.72
487	181	0.42
252	182	0.60
182	324	0.55
182	356	0.31
183	257	0.27
183	364	0.09
183	443	0.78
289	184	0.52
184	321	0.64
185	387	0.25
185	426	0.03
459	185	0.39
187	307	0.82
187	354	0.93
187	457	0.55
187	499	0.62
188	304	0.50
189	291	0.58
189	374	0.44
190	261	0.37
335	190	0.71
190	342	0.54
191	436	0.37
192	418	0.37
192	456	0.19
193	319	0.12
194	305	0.01
351	194	0.49
194	498	0.81
391	195	0.54
425	196	0.17
197	471	0.21
197	490	0.89
198	237	0.04
198	429	0.20
248	199	0.49
199	275	0.64
199	474	0.33
200	258	0.63
200	445	0.26
375	201	0.16
201	419	0.18
441	202	0.05
202	467	0.17
203	211	0.39
204	331	0.69
204	392	0.02
428	204	0.22
263	206	0.94
206	302	0.56
425	207	0.51
208	451	0.85
255	209	0.91
209	350	0.25
391	209	0.32
414	209	0.17
358	210	0.75
449	211	0.77
488	211	0.66
401	212	0.25
212	487	0.76
213	309	0.98
214	292	0.89
214	301	0.88
225	215	0.44
286	215	0.88
215	312	0.65
228	216	0.78
385	216	0.38
217	342	0.12
218	266	0.88
288	218	0.79
407	218	0.49
218	445	0.10
219	382	0.39
220	430	0.92
431	220	0.73
485	220	0.78
221	386	0.44
222	344	0.56
222	413	0.95
222	427	0.48
223	273	0.57
325	223	0.95
223	370	0.65
247	224	0.37
440	225	0.92
225	465	0.09
326	226	0.68
227	256	0.01
227	474	0.71
373	228	0.45
385	228	0.85
229	340	0.33
229	415	0.20
230	253	0.52
376	230	0.72
230	480	0.05
231	367	0.34
353	232	0.49
384	232	0.86
233	313	0.04
234	462	0.73
234	481	0.48
278	235	0.74
438	235	0.08
271	236	0.56
236	405	0.57
237	248	0.18
449	238	0.32
238	478	0.87
239	340	0.65
403	239	1.00
409	241	0.08
466	241	0.46
243	332	0.86
243	491	0.61
244	381	0.12
245	308	0.94
442	245	0.87
245	447	0.02
246	427	0.69
473	246	0.46
453	247	0.51
388	248	0.38
410	249	0.82
249	438	0.81
250	269	0.24
250	453	0.32
251	422	0.14
252	324	0.11
356	252	0.65
309	253	0.28
480	253	0.97
254	258	0.11
254	406	0.16
255	350	0.81
414	255	0.79
402	256	0.63
257	343	0.28
406	258	0.13
259	423	0.55
259	495	0.67
397	260	0.91
335	261	0.23
262	433	0.32
302	263	0.72
263	447	0.32
264	333	0.66
264	432	0.42
265	355	0.31
435	265	0.50
496	265	0.05
288	266	0.59
407	266	0.37
267	371	0.64
454	267	0.76
464	267	0.63
379	268	0.21
268	472	0.98
404	269	0.05
453	269	0.53
323	271	0.34
455	272	0.11
273	325	0.50
273	485	0.41
481	274	0.23
275	337	0.19
412	275	0.45
446	275	0.84
284	276	0.55
448	277	0.45
389	278	0.15
329	279	0.61
280	281	0.11
280	444	0.91
444	281	0.39
310	282	0.56
328	283	0.68
283	460	0.27
284	295	0.28
327	285	0.12
285	341	0.30
371	286	0.63
286	465	0.85
439	287	0.29
288	407	0.29
289	318	0.71
437	289	0.20
290	368	0.80
292	301	0.04
310	293	0.80
330	293	0.92
294	320	0.37
295	334	0.71
295	393	0.35
296	498	0.78
298	306	0.53
311	298	0.20
299	383	0.71
428	299	0.43
299	491	0.06
416	300	0.89
300	417	0.79
419	300	0.92
352	301	0.90
476	302	0.08
489	303	0.68
361	304	0.70
305	351	0.35
377	305	0.64
306	448	0.73
307	380	0.52
447	308	0.86
308	480	0.47
330	310	0.35
448	311	0.83
311	450	0.19
319	312	0.35
312	440	0.69
460	313	0.75
314	415	0.57
315	390	0.96
315	497	0.76
316	489	0.64
317	359	0.10
424	317	0.87
437	318	0.35
320	369	0.37
321	435	0.27
479	322	0.31
323	400	0.01
356	324	0.62
488	325	0.33
327	341	0.68
338	328	0.08
376	328	0.33
329	334	0.09
330	389	0.98
392	331	0.87
428	331	0.42
332	491	0.79
446	333	0.95
393	334	0.75
335	338	0.73
408	336	0.85
336	450	0.41
462	336	0.62
336	493	0.50
337	446	0.86
337	483	0.07
376	338	0.56
339	432	0.08
344	413	0.66
344	427	0.45
451	345	0.93
365	346	0.15
390	346	0.58
347	461	0.79
347	470	0.42
347	492	0.80
348	395	0.58
348	458	0.75
349	366	0.15
349	434	0.99
414	350	0.79
377	351	0.32
384	353	0.41
380	354	0.96
396	355	0.58
435	355	0.44
424	359	0.35
360	469	0.95
361	404	0.05
361	429	0.06
369	363	0.18
394	363	0.44
443	364	0.24
409	365	0.42
366	434	0.93
383	370	0.32
468	370	0.43
414	371	0.24
371	454	0.65
372	394	0.23
411	372	0.88
372	484	0.07
372	494	0.29
441	375	0.44
423	377	0.71
378	439	0.77
379	472	0.46
499	380	0.75
383	468	0.95
387	426	0.42
387	431	0.74
388	474	0.27
497	390	0.14
395	458	0.33
396	496	0.77
487	401	0.41
406	402	0.32
429	404	0.51
405	452	0.49
475	405	0.42
408	450	0.22
493	408	0.19
484	411	0.31
411	494	0.31
412	483	0.07
419	416	0.26
418	456	0.25
421	436	0.31
442	421	0.02
422	486	1.00
495	423	0.31
485	430	0.18
431	485	0.94
443	433	0.89
434	464	0.50
442	436	0.02
467	441	0.19
483	446	0.43
488	449	0.40
450	493	0.98
475	452	0.18
454	464	0.99
459	470	0.77
492	461	0.50
462	481	0.81
466	477	0.42
482	466	0.06
477	479	0.13
477	482	0.46
494	484	0.01
