0	191	0.22
239	0	0.22
0	274	0.69
0	388	0.40
1	73	0.95
127	1	0.94
365	1	0.76
1	475	0.31
17	2	0.01
2	91	0.54
269	2	0.76
2	476	0.75
79	3	0.32
3	116	0.11
3	183	0.36
3	243	0.10
4	235	0.39
4	283	0.62
293	4	0.50
4	421	0.32
40	5	0.24
188	5	0.62
430	5	0.08
6	133	0.15
244	6	0.31
384	6	0.49
8	7	0.88
141	7	0.28
7	423	0.94
431	7	0.42
8	423	0.96
8	431	0.56
9	46	0.37
193	9	0.44
9	465	0.49
10	157	0.55
337	10	0.78
10	489	0.37
89	11	0.62
11	213	0.70
11	432	0.04
12	113	0.59
214	12	0.24
12	334	0.10
463	12	0.45
46	13	0.24
13	161	0.47
13	333	0.48
278	14	0.96
14	384	0.04
14	405	0.79
299	15	0.97
341	15	0.87
15	460	0.19
15	477	0.69
245	16	0.83
344	16	0.90
411	16	0.60
436	16	0.81
47	17	0.51
103	17	0.80
17	269	0.65
18	366	0.71
18	404	0.09
459	18	0.18
18	489	0.50
31	19	0.11
19	124	0.47
19	448	0.15
20	205	0.20
20	266	0.69
448	20	0.55
362	21	0.42
21	389	0.52
21	498	0.55
22	364	0.59
429	22	0.62
22	491	0.76
23	204	0.63
261	23	0.53
23	290	0.21
130	24	0.27
207	24	0.92
24	265	0.32
25	158	0.19
284	25	0.18
312	25	0.73
25	378	0.55
44	26	0.75
26	169	0.14
26	308	0.50
27	57	0.25
27	255	0.51
27	323	0.66
45	28	0.60
28	179	0.80
311	28	0.13
28	427	0.33
29	242	0.85
29	332	0.28
414	29	0.74
282	30	0.27
30	317	0.19
30	351	0.18
468	30	0.77
31	124	0.63
31	471	0.48
201	32	0.29
32	336	0.68
346	32	0.89
33	229	0.34
313	33	0.44
391	33	0.42
457	33	0.18
65	34	0.76
143	34	0.60
34	330	0.81
484	34	0.62
184	35	0.21
35	349	0.87
452	35	0.43
490	35	0.51
147	36	0.22
36	333	0.93
36	409	0.59
37	75	0.63
37	164	0.85
376	37	0.73
38	52	0.46
149	38	0.80
214	38	0.53
246	38	0.74
39	360	0.74
381	39	0.95
401	39	0.11
40	42	0.70
188	40	0.04
41	60	0.94
139	41	0.96
41	238	0.22
281	41	0.28
42	320	0.72
446	42	0.41
42	472	0.04
81	43	0.93
137	43	0.04
43	231	0.61
43	250	0.63
44	78	0.90
44	450	0.50
45	116	0.31
45	183	0.97
413	45	0.40
161	46	0.47
47	91	0.83
476	47	0.59
228	48	0.02
259	48	0.60
296	48	0.42
49	314	0.67
49	363	0.09
49	451	0.71
101	50	0.32
125	50	0.74
50	371	0.88
159	51	0.83
51	327	0.62
418	51	0.45
52	122	0.27
149	52	0.32
52	246	0.24
345	53	0.95
394	53	0.70
53	462	0.36
54	249	0.84
267	54	0.91
273	54	0.79
122	55	0.76
55	356	0.66
55	426	0.91
72	56	0.80
56	243	0.44
56	395	0.17
499	56	0.84
57	255	0.57
323	57	0.14
58	123	0.81
58	478	0.93
488	58	0.12
58	495	0.50
59	195	0.03
59	287	0.18
59	400	0.03
60	69	0.71
139	60	0.77
60	481	0.92
61	171	0.86
61	313	0.67
61	374	0.86
61	447	0.01
62	76	0.63
62	225	0.53
62	449	0.52
63	118	0.92
63	153	0.07
268	63	0.53
151	64	0.19
64	237	0.78
64	262	0.90
330	65	0.68
65	484	0.55
305	66	0.65
66	325	0.11
377	66	0.14
67	172	0.72
316	67	0.13
454	67	0.01
487	67	0.58
121	68	0.79
68	174	0.35
328	68	0.32
68	343	0.63
69	238	0.26
69	281	0.34
106	70	0.09
70	314	0.25
70	451	0.51
180	71	0.36
247	71	0.33
71	318	0.45
72	243	0.42
499	72	0.38
315	73	0.51
73	407	0.11
95	74	0.95
176	74	0.52
229	74	0.72
74	317	0.30
75	164	0.12
376	75	0.02
76	182	0.63
449	76	0.90
287	77	0.17
326	77	0.86
77	356	0.46
383	77	0.57
78	450	0.42
456	78	0.20
116	79	0.56
79	413	0.48
80	249	0.70
80	263	0.39
267	80	0.15
173	81	0.39
81	188	0.96
81	390	0.36
82	279	0.23
307	82	0.74
82	378	0.10
154	83	0.25
83	190	0.08
83	193	0.50
84	320	0.75
374	84	0.13
84	425	0.71
447	84	0.43
211	85	0.76
85	256	0.36
85	346	0.89
150	86	0.65
224	86	0.77
255	86	0.57
87	148	0.43
87	275	0.38
87	370	0.83
145	88	0.28
88	171	0.32
425	88	0.11
213	89	0.79
226	89	0.84
90	283	0.58
295	90	0.09
90	421	0.26
476	91	0.84
112	92	0.17
125	92	0.33
92	340	0.38
93	385	0.16
93	440	0.28
93	470	0.46
166	94	0.96
94	208	0.92
233	94	0.03
94	289	0.46
95	176	0.65
95	391	0.60
95	457	0.54
208	96	0.89
96	234	0.16
96	251	0.03
441	96	0.50
97	301	0.28
97	413	0.86
97	492	0.47
160	98	0.57
98	239	0.08
305	98	0.96
152	99	0.29
99	379	0.06
443	99	0.74
275	100	0.34
100	309	0.19
336	100	0.29
228	101	0.33
296	101	0.97
102	121	0.54
102	206	0.53
398	102	0.33
103	189	0.49
241	103	0.17
103	252	0.15
104	277	0.03
354	104	0.04
379	104	0.50
417	105	0.82
442	105	0.34
467	105	0.14
314	106	0.74
363	106	0.88
106	494	0.74
107	143	0.01
107	244	0.50
107	361	0.78
107	372	0.50
199	108	0.95
219	108	0.67
292	108	0.52
109	163	0.21
109	402	0.11
430	109	0.19
216	110	0.98
222	110	0.73
223	110	0.28
111	210	0.16
212	111	0.95
218	111	0.31
236	111	0.87
340	112	0.50
375	112	0.36
113	168	0.27
113	377	0.27
461	113	0.68
114	131	0.63
114	221	0.72
286	114	0.71
158	115	0.58
115	428	0.47
115	481	0.49
116	183	0.74
165	117	0.95
117	276	0.39
341	117	0.46
118	153	0.74
246	118	0.15
291	119	0.27
338	119	0.24
119	369	0.07
120	184	0.30
120	278	0.19
490	120	0.32
121	206	0.03
426	122	0.21
298	123	0.15
478	123	0.36
123	488	0.31
124	473	0.13
371	125	0.83
167	126	0.28
126	230	0.03
126	254	0.32
365	127	0.56
475	127	0.98
128	258	0.92
128	320	0.58
446	128	0.11
257	129	0.64
129	304	0.82
439	129	0.82
207	130	0.92
265	130	0.19
470	130	0.30
131	221	0.45
131	286	0.93
433	131	0.12
145	132	0.18
240	132	0.31
403	132	0.12
133	302	0.53
133	466	0.30
293	134	0.70
408	134	0.10
134	469	0.65
135	196	0.33
135	211	0.97
135	256	0.11
341	136	0.65
367	136	0.72
136	437	0.89
150	137	0.76
250	137	0.24
137	390	0.13
138	245	0.20
138	347	0.20
138	353	0.32
463	138	0.32
139	481	0.14
154	140	0.22
190	140	0.59
140	396	0.54
212	141	0.28
251	141	0.64
249	142	0.99
142	263	0.95
273	142	0.09
433	143	0.97
143	485	0.86
186	144	0.23
144	253	0.08
144	329	0.97
240	145	0.47
403	145	0.53
146	200	0.21
146	310	0.16
146	395	0.82
333	147	0.52
455	147	0.85
275	148	0.94
148	370	0.31
380	148	0.05
149	246	0.69
150	224	0.26
151	260	0.65
262	151	0.33
468	151	0.90
172	152	0.42
198	152	0.94
322	153	0.08
190	154	0.12
154	399	0.41
170	155	0.06
155	306	0.35
357	155	0.66
197	156	0.65
264	156	0.90
454	156	0.43
157	161	0.51
337	157	0.18
158	428	0.34
159	263	0.30
159	418	0.87
160	239	0.63
160	304	0.34
162	233	0.41
358	162	0.78
162	410	1.00
335	163	0.98
163	453	0.50
163	458	0.52
164	376	0.58
165	367	0.19
165	437	0.02
233	166	0.88
289	166	0.95
167	209	0.25
167	297	0.41
168	279	0.65
461	168	0.56
223	169	0.52
308	169	0.29
170	306	0.70
443	170	0.44
171	447	0.72
172	198	0.99
173	439	0.88
493	173	0.09
328	174	0.68
343	174	0.91
217	175	0.25
175	303	0.72
175	419	0.78
260	176	0.62
391	176	0.77
177	178	0.40
177	259	0.05
177	318	0.44
259	178	0.14
178	318	0.27
365	178	0.51
350	179	0.64
179	358	0.54
179	397	0.02
180	206	0.98
180	247	0.43
190	181	0.66
385	181	0.59
181	434	0.81
182	248	0.02
182	268	0.02
183	413	0.65
184	299	0.21
452	184	0.30
185	288	0.33
185	465	0.38
185	473	0.25
253	186	0.40
186	329	0.88
187	294	0.91
187	300	0.17
187	455	0.49
189	202	0.08
189	252	0.25
189	285	0.78
191	274	0.51
388	191	0.18
192	352	0.07
192	355	0.89
192	445	0.62
193	465	0.01
194	195	0.04
194	215	0.48
247	194	0.75
194	479	0.66
215	195	0.91
479	195	0.39
196	398	0.48
196	471	0.20
197	264	0.39
197	325	0.46
490	198	0.90
199	219	0.01
199	292	0.28
200	412	0.07
200	482	0.98
276	201	0.55
201	346	0.64
241	202	0.42
202	285	0.82
203	227	0.18
203	271	0.16
203	406	0.50
493	203	0.12
261	204	0.76
204	290	0.87
261	205	0.74
205	290	0.21
265	207	0.99
208	234	0.84
441	208	0.71
254	209	0.34
416	209	0.92
218	210	0.81
236	210	0.18
483	210	0.84
211	256	0.67
212	251	0.34
213	291	0.71
213	432	0.46
334	214	0.14
463	214	0.68
215	479	0.70
222	216	0.54
223	216	0.85
217	303	0.82
217	419	0.02
469	217	0.97
236	218	0.69
218	426	0.47
219	292	0.27
220	386	0.24
400	220	0.25
497	220	0.18
221	286	0.04
221	386	0.54
222	223	0.68
222	449	0.49
224	472	0.31
242	225	0.67
225	342	0.34
331	226	0.10
399	226	0.02
226	422	0.65
271	227	0.50
227	406	0.64
228	238	0.21
296	228	0.97
457	229	0.38
230	254	0.17
230	297	0.99
230	416	0.95
250	231	0.08
231	319	0.42
231	390	0.58
289	232	0.56
397	232	0.80
232	435	0.41
232	480	0.18
233	289	0.06
441	234	0.84
283	235	0.16
322	235	0.17
235	421	0.48
236	474	0.41
456	237	0.66
237	474	0.01
238	281	0.07
403	240	0.22
285	241	0.65
342	242	0.07
243	499	0.38
244	384	0.79
245	272	0.67
245	353	0.64
268	248	0.69
248	466	0.66
249	273	0.69
390	250	0.03
285	252	0.29
329	253	0.68
323	255	0.22
257	304	0.02
257	419	0.65
258	284	0.07
258	446	0.35
258	472	0.99
318	259	0.12
262	260	0.87
290	261	0.48
263	267	0.23
264	375	0.17
266	446	0.36
448	266	0.22
273	267	0.34
269	476	0.86
327	270	0.36
270	486	0.45
270	497	0.46
406	271	0.21
347	272	0.36
272	445	0.14
388	274	0.24
275	368	0.26
276	437	0.60
277	354	0.20
277	412	0.67
405	278	0.79
307	279	0.24
294	280	0.13
300	280	0.98
280	455	0.28
483	280	0.38
313	282	0.83
317	282	0.20
282	351	0.69
295	283	0.21
312	284	0.50
378	284	0.84
400	287	0.66
288	360	0.56
288	473	0.01
338	291	0.71
291	369	0.64
408	293	0.62
469	293	0.46
347	294	0.15
483	294	0.86
322	295	0.87
416	297	0.88
298	488	0.42
298	495	0.54
420	299	0.90
438	299	0.97
357	300	0.21
301	492	0.83
301	499	0.93
410	302	0.60
302	466	0.99
419	303	0.30
305	325	0.18
484	306	0.14
307	355	0.65
308	457	0.89
336	309	0.49
309	343	0.29
310	395	0.78
494	310	0.62
350	311	0.59
311	352	0.49
311	427	0.78
311	464	0.40
312	378	0.76
313	468	0.31
393	315	0.05
315	407	0.99
440	315	0.58
316	393	0.72
454	316	0.16
316	487	0.93
351	317	0.39
348	319	0.74
409	319	0.93
472	320	0.73
324	321	0.38
321	415	0.70
429	321	0.70
323	450	0.13
324	362	0.64
415	324	0.98
324	429	0.90
356	326	0.92
383	326	0.65
327	486	0.12
343	328	0.70
329	354	0.41
484	330	0.04
331	399	0.88
331	422	0.53
332	414	0.48
332	475	0.87
334	441	0.42
463	334	0.50
453	335	0.74
335	458	0.87
337	414	0.31
369	338	0.36
339	373	0.59
381	339	0.59
496	339	0.23
340	375	0.21
367	341	0.74
482	342	0.14
344	411	0.15
344	436	0.61
444	344	0.37
394	345	0.05
345	462	0.03
392	347	0.35
409	348	0.09
348	432	0.18
452	349	0.80
349	490	0.36
427	350	0.47
352	355	0.35
353	392	0.50
353	445	0.11
383	356	0.60
357	455	0.09
357	483	0.81
358	410	0.76
366	359	0.34
492	359	0.84
498	359	0.13
360	401	0.06
361	387	0.50
361	433	0.81
361	485	0.63
362	389	0.16
363	380	0.26
363	494	0.96
382	364	0.14
491	364	0.46
475	365	0.97
498	366	0.76
370	368	0.06
380	368	0.69
389	368	0.20
370	380	0.96
371	424	0.85
372	387	0.62
433	372	0.08
485	372	0.72
381	373	0.80
496	373	0.35
374	425	0.20
486	374	0.18
461	377	0.77
443	379	0.24
381	496	0.49
382	391	0.39
491	382	0.27
385	434	0.98
386	497	0.66
485	387	0.09
428	392	0.16
392	445	0.47
393	407	0.13
462	394	0.93
396	420	0.37
396	438	0.63
396	477	0.02
397	435	0.38
480	397	0.66
398	471	0.95
399	422	0.96
421	401	0.30
430	402	0.19
467	402	0.03
404	459	0.49
489	404	0.54
405	434	0.76
469	408	0.68
424	411	0.27
411	444	0.53
412	482	0.41
429	415	0.26
416	488	0.70
417	442	0.03
467	417	0.37
418	423	0.50
477	420	0.70
431	423	0.46
424	436	0.02
464	427	0.98
435	480	0.71
444	436	0.09
480	437	0.09
460	438	0.93
493	439	0.72
440	470	0.06
467	442	0.51
451	494	0.64
453	458	0.28
487	454	0.14
456	474	0.35
459	489	0.26
477	460	0.16
464	491	0.48
478	495	0.41
