0	291	0.81
333	0	0.15
0	365	0.69
0	465	0.36
1	30	0.58
112	1	0.67
433	1	0.02
2	49	0.20
172	2	0.98
2	178	0.55
487	2	0.84
3	12	0.09
16	3	0.15
3	157	0.35
3	186	0.17
4	17	0.91
4	26	0.82
4	363	0.86
148	5	0.85
5	198	0.29
409	5	0.35
231	6	0.38
313	6	0.16
6	403	0.37
228	7	0.44
253	7	0.47
366	7	0.27
481	7	0.03
8	139	0.78
263	8	0.86
8	456	0.68
9	48	0.55
9	365	0.94
367	9	0.39
9	465	0.40
10	78	0.37
94	10	0.80
10	438	0.56
122	11	0.19
11	248	0.45
11	494	0.83
12	224	0.73
257	12	0.85
12	380	0.20
132	13	0.23
175	13	0.64
13	307	0.65
13	488	0.16
86	14	0.28
14	190	0.05
14	462	0.60
490	14	0.92
138	15	0.39
15	255	0.22
15	426	0.09
157	16	0.41
224	16	0.20
380	16	0.16
54	17	0.77
327	17	0.91
428	17	0.24
18	46	0.86
18	148	0.50
18	361	0.68
421	18	0.54
19	136	0.43
161	19	0.34
19	203	0.64
19	480	0.46
20	164	0.81
20	178	0.09
412	20	0.88
192	21	0.46
21	322	0.89
21	355	0.34
22	36	0.92
171	22	0.77
22	204	0.46
22	289	0.29
42	23	0.83
23	146	0.11
211	23	0.70
416	23	0.36
24	235	0.17
24	457	0.75
460	24	0.19
61	25	0.35
25	170	0.91
372	25	0.47
26	54	0.04
26	327	0.40
26	428	0.09
27	34	0.39
27	75	0.90
214	27	0.66
27	432	0.01
126	28	0.18
28	396	0.60
28	435	0.71
29	75	0.71
283	29	0.76
398	29	0.58
30	340	0.60
30	433	0.81
106	31	0.87
31	168	0.80
31	375	0.27
381	31	0.59
32	74	0.29
119	32	0.70
32	165	0.64
129	33	0.18
181	33	0.60
260	33	0.21
387	34	0.19
413	34	0.79
35	63	0.12
234	35	0.44
309	35	0.44
35	430	0.95
192	36	0.85
322	36	0.32
92	37	0.49
37	143	0.04
37	394	0.06
38	119	0.98
38	165	0.17
182	38	0.01
38	193	0.95
65	39	0.87
349	39	0.26
434	39	0.75
40	259	0.10
268	40	0.81
304	40	0.89
40	400	0.15
142	41	0.72
41	461	0.87
482	41	0.30
42	184	0.56
211	42	0.69
42	283	0.19
134	43	0.26
43	238	0.26
242	43	0.06
277	43	0.97
44	86	0.78
44	190	0.95
44	336	0.25
44	462	0.34
45	166	0.03
45	275	0.97
463	45	0.67
492	45	0.86
46	148	0.52
361	46	0.29
489	46	0.48
185	47	0.38
320	47	0.82
47	404	0.47
48	80	0.58
48	123	0.88
465	48	0.21
172	49	0.64
49	487	0.49
246	50	0.92
50	371	0.52
454	50	0.41
51	186	0.64
214	51	0.45
51	276	0.97
314	51	0.99
123	52	0.57
52	201	0.96
52	453	0.18
64	53	0.63
257	53	0.58
348	53	0.06
53	496	0.93
54	428	0.58
163	55	0.22
55	198	0.16
55	245	0.24
452	55	0.15
56	58	0.23
356	56	0.78
56	382	0.29
57	384	0.79
397	57	0.42
57	438	0.38
58	223	0.75
58	382	0.03
59	115	0.93
59	153	0.65
230	59	0.17
59	285	0.40
60	83	0.47
60	381	0.11
60	474	0.13
61	316	1.00
61	379	0.52
62	102	0.63
62	131	0.27
62	170	0.75
62	208	0.25
103	63	0.45
309	63	0.14
63	425	0.23
64	79	0.19
323	64	0.45
64	333	0.89
89	65	0.31
65	194	0.32
92	66	0.93
66	424	0.63
448	66	0.38
97	67	0.75
292	67	0.68
324	67	0.85
68	199	0.68
223	68	0.94
68	267	0.79
69	266	0.43
69	417	0.49
478	69	0.68
70	137	0.04
70	231	0.26
403	70	0.22
408	71	0.92
71	449	0.50
71	470	0.15
196	72	0.17
310	72	0.12
72	485	0.48
226	73	0.73
389	73	0.25
392	73	0.90
73	499	0.02
74	419	0.54
497	74	0.33
75	413	0.26
432	75	0.69
294	76	0.33
406	76	0.85
76	450	0.87
84	77	0.38
77	169	0.45
363	77	0.64
318	78	0.06
78	438	0.99
79	323	0.70
79	333	0.83
330	80	0.60
439	80	0.64
81	134	0.22
81	352	1.00
81	445	0.91
471	81	0.46
82	175	0.71
440	82	0.42
82	488	0.32
83	289	0.13
83	381	0.75
474	83	0.39
84	136	0.04
269	84	0.18
210	85	0.41
85	318	0.73
85	476	0.28
205	86	0.65
462	86	0.66
151	87	0.67
87	236	0.23
87	246	0.44
87	454	0.72
128	88	0.90
88	435	0.09
495	88	0.01
194	89	0.59
483	89	0.19
90	160	0.80
270	90	0.12
90	358	0.83
385	90	0.19
278	91	0.33
341	91	0.09
91	466	0.23
92	448	0.32
93	120	0.61
93	357	0.62
377	93	0.76
94	177	0.94
249	94	0.04
95	374	0.99
95	411	0.19
95	457	0.06
96	140	0.21
271	96	0.71
96	474	0.90
97	143	0.81
292	97	0.79
97	324	0.26
98	109	0.14
98	225	0.73
297	98	0.75
98	306	0.64
209	99	0.62
385	99	0.07
99	393	0.05
255	100	0.27
426	100	0.15
100	429	0.65
130	101	0.77
159	101	0.12
202	101	0.94
102	208	0.47
102	216	0.21
376	103	0.75
103	444	0.21
262	104	0.37
104	338	0.81
104	386	0.06
218	105	0.35
232	105	0.08
317	105	0.97
388	105	0.99
168	106	0.28
375	106	0.19
126	107	0.32
107	206	0.51
107	212	0.51
107	446	0.17
108	207	0.39
108	315	0.64
346	108	0.84
399	108	0.33
217	109	0.38
109	225	0.40
109	306	0.02
277	110	0.52
305	110	0.47
388	110	0.25
167	111	0.69
111	189	0.75
213	111	0.28
300	111	0.08
205	112	0.96
468	112	0.37
253	113	0.71
113	281	0.17
113	359	0.12
311	114	0.55
114	322	0.53
114	410	0.72
179	115	0.02
296	115	0.78
115	353	0.39
116	443	0.83
116	445	0.97
471	116	0.40
117	155	0.40
295	117	0.29
117	448	0.68
162	118	0.07
319	118	0.39
371	118	0.40
118	467	0.11
119	165	0.14
119	193	0.11
292	120	0.53
120	377	0.55
229	121	0.31
355	121	0.58
473	121	0.78
122	248	0.63
122	494	0.28
201	123	1.00
152	124	0.79
124	441	0.14
124	484	0.79
273	125	0.78
287	125	0.76
125	401	0.52
125	498	0.44
206	126	0.05
446	126	0.20
127	227	0.79
334	127	0.34
342	127	0.25
271	128	0.34
495	128	0.24
129	181	0.68
129	260	0.68
159	130	0.87
202	130	0.16
208	131	0.53
284	131	0.56
132	264	0.61
132	440	0.68
488	132	0.94
202	133	0.13
133	282	0.50
133	453	0.33
134	238	0.68
134	242	0.24
227	135	0.38
303	135	0.70
135	334	0.91
342	135	0.46
269	136	0.64
137	231	0.71
137	275	0.76
137	403	0.75
138	255	0.43
426	138	0.49
138	429	0.17
154	139	0.69
347	139	0.07
139	472	0.16
250	140	0.16
271	140	0.79
158	141	0.02
141	174	0.64
418	141	0.55
180	142	0.99
142	461	0.69
482	142	0.04
143	394	0.10
144	156	0.09
250	144	0.84
331	144	0.44
145	347	0.63
145	356	0.47
145	472	0.26
184	146	0.13
416	146	0.13
449	146	0.50
147	188	0.11
286	147	0.56
147	419	0.78
148	361	0.53
149	227	0.82
295	149	0.95
334	149	0.89
176	150	0.43
247	150	0.56
343	150	0.21
236	151	0.48
151	301	0.64
233	152	0.40
152	441	0.13
484	152	0.64
187	153	0.67
230	153	0.25
285	153	0.09
154	245	0.51
422	154	0.39
154	452	0.51
155	269	0.47
155	295	0.13
156	210	0.89
156	254	0.49
157	239	0.36
174	158	0.42
158	195	0.56
202	159	0.15
159	450	0.24
160	270	0.97
160	358	0.56
160	407	0.56
161	203	0.37
405	161	0.30
319	162	0.01
162	371	0.73
162	467	0.34
163	245	0.26
452	163	0.64
476	163	0.77
178	164	0.01
164	412	0.48
458	165	0.78
166	172	0.58
166	240	0.84
166	463	0.83
189	167	0.82
300	167	0.78
389	167	0.53
375	168	0.78
169	363	0.21
169	392	0.72
372	170	0.72
204	171	0.04
171	289	0.12
172	487	0.46
173	244	0.43
265	173	0.99
173	340	0.32
469	173	0.86
299	174	0.12
175	323	0.60
175	440	0.24
176	247	0.27
176	376	0.09
249	177	0.84
324	177	0.79
178	412	0.90
179	296	0.66
179	353	0.79
180	349	0.04
180	420	0.10
434	180	0.63
181	260	0.81
182	326	0.80
182	423	0.44
464	182	0.30
183	272	0.12
183	302	0.05
183	321	0.12
183	350	0.62
184	416	0.09
185	320	0.37
185	357	0.33
185	404	0.53
276	186	0.56
186	314	0.54
187	285	0.34
187	316	0.50
187	368	0.60
188	286	0.98
188	372	0.87
213	189	0.10
190	375	0.25
490	190	0.03
263	191	0.18
191	308	0.03
191	456	0.83
192	298	0.01
192	322	0.44
234	193	0.77
193	458	0.71
194	243	0.52
195	367	0.53
195	395	0.51
351	196	0.88
196	418	0.88
272	197	0.46
197	302	0.82
197	321	0.03
198	409	0.39
199	297	0.92
298	199	0.96
222	200	0.25
200	345	0.25
493	200	0.63
201	241	0.97
480	203	0.74
204	289	0.59
391	205	0.18
468	205	0.86
446	206	0.02
311	207	0.53
315	207	0.45
399	207	0.40
208	456	0.07
209	385	0.43
209	393	0.13
210	250	0.87
254	210	0.90
416	211	0.64
212	325	0.27
415	212	0.96
389	213	0.82
214	413	0.19
214	432	0.25
258	215	0.46
304	215	0.15
215	369	0.74
216	299	0.79
216	483	0.24
431	217	0.24
475	217	0.65
218	232	0.57
218	317	0.12
219	251	0.45
219	383	0.60
219	427	0.56
261	220	0.55
220	373	0.53
383	220	0.86
386	220	0.94
221	279	0.90
359	221	0.12
221	436	0.69
222	380	0.47
493	222	0.76
267	223	0.80
224	380	0.95
225	306	0.84
226	392	0.37
394	226	0.49
226	499	0.64
227	342	0.66
341	228	0.98
366	228	0.74
228	481	0.92
229	355	0.40
229	356	0.95
368	230	0.87
313	231	0.53
317	232	0.27
232	437	0.17
233	401	0.90
437	233	0.56
234	430	0.49
234	451	0.55
374	235	0.26
457	235	0.73
301	236	0.09
236	454	1.00
237	274	0.98
237	280	0.56
237	442	0.12
242	238	0.93
238	336	0.55
239	316	0.67
379	239	0.97
275	240	0.51
463	240	0.09
407	241	0.86
241	459	0.99
243	312	0.46
243	328	0.96
243	402	0.12
244	340	0.13
469	244	0.97
422	245	0.78
301	246	0.59
246	347	0.99
247	343	0.51
247	378	0.74
494	248	0.58
370	249	0.01
250	331	0.18
383	251	0.10
251	427	0.10
251	432	0.65
288	252	0.95
398	252	0.61
252	455	0.96
337	253	0.48
253	436	0.57
254	331	0.65
256	265	0.67
256	274	0.91
447	256	0.39
348	257	0.49
496	257	0.96
304	258	0.92
258	369	0.71
484	258	0.96
268	259	0.01
400	259	0.39
261	373	0.20
386	261	0.61
390	261	0.39
338	262	0.31
374	262	0.20
263	456	0.99
264	345	0.85
387	264	0.68
265	447	0.02
417	266	0.73
441	266	0.74
478	266	0.81
481	267	0.74
400	268	0.97
358	270	0.74
270	444	0.84
272	293	0.39
350	272	0.50
287	273	0.82
498	273	0.78
274	280	0.99
274	442	0.65
492	275	0.95
276	314	0.92
388	277	0.88
278	341	0.73
443	278	0.60
278	466	0.98
279	281	0.46
436	279	0.31
280	442	0.96
281	359	0.01
366	281	0.35
453	282	0.24
282	498	0.31
283	398	0.96
284	477	0.04
284	486	0.26
285	368	0.13
458	286	0.67
287	332	0.18
498	287	0.49
288	455	0.52
491	288	0.30
290	303	0.16
370	290	0.04
460	290	0.58
365	291	0.47
465	291	0.84
324	292	0.97
293	302	0.39
321	293	0.14
293	350	0.43
294	406	0.21
450	294	0.69
296	353	0.96
298	297	0.22
483	299	0.84
300	389	0.74
475	300	0.47
303	370	0.70
460	303	0.04
304	369	0.13
305	339	0.58
305	346	0.52
307	440	0.26
307	492	0.69
365	308	0.44
471	308	0.31
309	425	0.46
309	451	0.17
485	310	0.94
310	491	0.08
410	311	0.18
328	312	0.79
312	402	0.76
403	313	0.32
399	315	0.73
316	379	0.35
318	476	0.30
332	319	0.72
371	319	0.12
320	461	0.82
391	321	0.54
472	323	0.86
325	415	0.79
491	325	0.01
326	412	0.55
423	326	0.44
326	464	0.74
327	350	0.66
328	402	0.27
344	329	0.79
329	378	0.70
329	390	0.61
330	404	0.07
439	330	0.23
467	332	0.20
342	334	0.09
335	344	0.77
335	362	0.68
335	405	0.54
336	490	0.97
337	354	0.23
337	360	0.31
337	414	0.05
489	338	0.56
346	339	0.27
395	339	0.93
469	340	0.60
466	341	0.06
391	343	0.78
362	344	0.62
344	405	0.28
345	387	0.04
347	472	0.21
496	348	0.73
420	349	0.77
434	349	0.52
418	351	0.94
351	493	0.66
443	352	0.61
471	352	0.36
396	353	0.94
354	360	0.58
354	414	0.57
382	356	0.72
357	377	0.16
358	406	0.52
414	360	0.87
421	361	0.12
362	405	0.19
364	409	0.40
424	364	0.95
364	479	0.70
366	481	0.02
367	395	0.66
370	460	0.10
386	373	0.92
373	404	0.80
376	444	0.99
390	378	1.00
474	381	0.35
427	383	0.44
384	397	0.11
439	384	0.20
385	393	0.42
468	391	0.69
499	392	0.30
396	435	0.62
397	402	0.22
437	401	0.95
406	450	0.78
407	459	0.86
449	408	0.12
408	470	0.38
459	410	0.31
431	411	0.02
411	457	0.41
491	415	0.05
417	433	0.25
478	417	0.04
497	419	0.55
434	420	0.77
489	421	0.77
422	452	0.29
464	423	0.30
424	479	0.91
425	451	0.39
429	426	0.45
429	478	0.78
430	451	0.87
475	431	0.35
441	484	0.43
442	495	0.06
445	443	0.07
486	447	0.13
449	470	0.19
462	455	0.37
482	461	0.48
492	463	0.86
485	470	0.84
477	473	0.38
486	473	0.71
486	477	0.74
479	480	0.12
497	496	0.68
