0	250	0.51
291	0	0.90
0	381	0.87
0	443	0.67
1	153	0.15
346	1	0.16
404	1	0.07
2	396	0.56
428	2	0.03
2	485	0.49
52	3	0.25
3	151	0.83
352	3	0.53
4	61	0.28
4	345	0.37
4	491	0.95
5	12	0.19
5	202	0.11
433	5	0.79
6	16	0.63
91	6	0.01
99	6	0.58
455	6	0.24
7	127	0.91
382	7	0.18
476	7	0.01
253	8	0.68
296	8	0.06
8	321	0.96
443	8	0.92
9	220	0.52
9	342	0.64
9	355	0.44
435	9	0.80
10	93	0.94
10	121	0.36
323	10	0.12
10	414	0.41
234	11	0.26
11	284	0.56
11	343	0.78
12	202	0.59
449	12	0.36
13	22	0.68
28	13	0.64
356	13	0.12
14	221	0.07
14	320	0.31
383	14	0.65
14	401	0.61
15	266	0.82
351	15	1.00
375	15	0.86
16	196	0.56
16	223	0.95
290	16	0.58
255	17	0.82
333	17	0.90
493	17	0.48
125	18	0.91
150	18	0.67
18	380	0.57
19	92	0.71
19	159	0.82
386	19	0.85
19	424	0.43
38	20	0.01
20	83	0.62
20	207	0.56
21	49	0.66
21	131	0.48
233	21	0.92
28	22	0.30
22	161	0.58
22	356	0.04
23	208	0.56
370	23	0.43
23	466	0.49
24	237	0.62
311	24	0.88
24	357	0.80
426	24	0.21
129	25	0.27
25	300	0.21
25	376	0.21
61	26	0.24
336	26	0.62
26	412	0.49
113	27	0.83
27	162	0.16
27	231	0.86
28	76	0.15
28	356	0.78
29	298	0.78
332	29	0.51
29	427	0.92
107	30	0.33
30	301	0.97
30	353	0.98
31	59	0.82
278	31	0.31
384	31	0.90
32	138	0.10
32	181	0.70
237	32	0.48
32	248	0.72
33	44	0.13
193	33	0.03
33	230	0.38
111	34	0.49
34	160	0.23
418	34	0.57
227	35	0.43
270	35	0.29
307	35	0.73
450	35	0.58
36	73	0.67
218	36	0.82
387	36	0.64
36	474	0.08
90	37	0.86
275	37	0.03
374	37	0.71
38	83	0.73
38	207	0.77
39	60	0.14
39	142	0.58
358	39	0.54
40	42	0.94
204	40	0.33
385	40	0.45
51	41	0.88
41	139	0.94
430	41	0.38
204	42	0.84
42	385	1.00
114	43	0.76
43	212	0.07
214	43	0.03
43	279	0.84
154	44	0.47
44	363	0.88
477	44	0.21
45	81	0.49
128	45	0.22
211	45	0.24
46	75	0.79
46	103	0.27
46	372	0.32
47	316	0.21
47	326	0.51
47	422	0.55
451	47	0.04
258	48	0.74
48	261	0.09
444	48	0.22
131	49	0.68
233	49	0.92
249	49	0.24
50	135	0.32
50	185	0.53
50	213	0.30
166	51	0.98
179	51	0.93
51	287	0.94
89	52	0.05
52	441	0.10
69	53	0.22
53	289	0.97
394	53	0.44
54	84	0.45
186	54	0.71
336	54	0.17
54	447	0.62
55	251	0.21
325	55	0.87
410	55	0.35
95	56	0.14
56	206	0.20
56	211	0.31
67	57	0.84
57	96	0.25
57	129	0.32
319	57	0.59
58	66	0.30
67	58	0.64
58	366	0.33
59	65	0.59
262	59	0.46
59	384	0.66
60	173	0.72
60	226	0.02
60	358	0.24
61	87	0.55
134	61	0.25
62	376	0.60
62	402	0.63
62	425	0.97
63	71	0.40
63	133	0.51
63	429	0.36
64	80	0.71
64	157	0.25
64	291	0.60
64	378	0.79
135	65	0.91
171	65	0.57
65	225	0.27
66	250	0.57
366	66	0.99
67	129	0.27
265	68	0.14
68	274	0.39
442	68	0.71
69	85	0.35
104	69	0.30
280	70	0.56
293	70	0.81
341	70	0.46
70	421	0.38
429	71	0.94
71	493	0.22
72	213	0.71
72	320	0.93
465	72	0.95
73	218	0.17
73	428	0.02
474	73	0.28
180	74	0.14
74	295	0.46
74	306	0.84
482	74	0.75
232	75	0.92
75	324	0.49
334	75	0.93
114	76	0.77
267	76	0.65
76	437	0.48
77	163	0.94
175	77	0.18
77	400	0.94
147	78	0.85
196	78	0.36
223	78	0.16
78	283	0.81
192	79	0.27
79	246	0.61
403	79	0.88
157	80	0.50
80	378	0.58
80	405	0.47
81	288	0.93
318	81	1.00
436	81	0.09
82	106	0.60
82	200	0.10
82	235	0.35
408	82	0.06
83	207	0.01
430	83	0.70
84	186	0.54
84	447	0.39
85	104	0.46
365	85	0.01
86	120	0.80
172	86	0.61
238	86	0.10
86	344	0.98
87	134	0.04
491	87	0.16
137	88	0.23
365	88	0.81
88	411	0.15
89	352	0.36
89	424	0.65
374	90	0.35
90	474	0.15
99	91	0.72
455	91	0.67
159	92	0.19
92	386	0.18
174	93	0.95
93	264	0.06
316	93	0.04
111	94	0.17
164	94	0.39
94	263	0.57
95	206	0.94
95	458	0.99
96	169	0.70
487	96	0.79
97	148	0.29
273	97	0.29
97	393	0.27
98	100	0.88
98	236	0.91
98	329	0.59
455	99	0.32
100	236	0.05
100	470	0.90
195	101	0.53
101	201	0.05
101	298	0.71
102	120	0.95
132	102	0.40
102	203	0.76
136	103	0.75
372	103	0.06
104	118	0.82
120	105	0.02
172	105	0.18
105	344	0.34
200	106	0.33
257	106	0.30
408	106	0.88
107	146	0.07
107	353	0.39
456	107	0.49
108	331	0.49
399	108	0.96
108	452	0.81
108	462	0.29
167	109	0.75
176	109	0.22
194	109	0.32
337	110	0.44
368	110	0.34
457	110	0.73
164	111	0.15
111	263	0.84
112	252	0.05
112	308	0.98
112	481	0.79
112	492	0.86
141	113	0.62
348	113	0.03
456	113	0.54
114	267	0.02
114	437	0.73
177	115	0.13
375	115	0.85
399	115	0.38
467	115	0.20
116	117	0.99
244	116	0.67
362	116	0.55
244	117	0.70
258	117	0.43
160	118	0.14
118	418	0.80
118	473	0.67
210	119	0.42
119	293	0.98
119	463	0.01
172	120	0.50
264	121	0.18
121	323	0.85
121	414	0.35
122	317	0.70
354	122	0.05
122	420	0.37
478	122	0.51
123	360	0.52
371	123	0.79
448	123	0.68
156	124	0.26
124	187	0.90
124	496	0.50
125	197	0.87
314	125	0.83
126	254	0.84
391	126	0.56
417	126	0.34
189	127	0.92
127	382	0.01
127	476	0.63
211	128	0.84
288	128	0.10
129	319	0.48
130	199	0.74
409	130	0.30
439	130	0.25
131	233	0.93
131	332	0.69
203	132	0.04
294	132	0.29
133	205	0.45
429	133	0.65
325	134	0.03
345	134	0.33
171	135	0.01
135	203	0.36
136	191	0.79
388	136	0.55
365	137	0.94
411	137	0.09
181	138	0.13
138	237	0.77
138	357	0.78
278	139	0.75
430	139	0.75
140	169	0.15
140	217	0.40
140	303	0.59
140	432	0.62
310	141	0.21
354	141	0.97
142	226	0.51
358	142	0.06
347	143	0.77
143	362	0.44
143	490	0.84
144	181	0.88
144	423	0.33
480	144	0.45
145	216	0.24
335	145	0.44
459	145	0.97
146	192	0.27
353	146	0.64
398	146	0.23
223	147	0.18
147	283	0.84
273	148	0.90
393	148	0.22
148	447	0.48
182	149	0.54
149	281	0.87
149	437	0.37
328	150	0.97
380	150	0.35
151	352	0.38
151	424	0.60
152	315	0.70
434	152	0.90
497	152	0.84
346	153	0.10
153	404	0.77
338	154	0.45
154	363	0.78
154	477	0.23
155	178	0.39
256	155	0.81
313	155	0.90
187	156	0.81
496	156	0.32
218	157	0.74
378	157	0.86
158	224	0.90
271	158	0.85
158	297	0.56
386	159	0.13
418	160	0.67
473	160	0.84
329	161	0.30
161	369	0.59
484	161	0.63
162	348	0.60
162	354	0.44
162	499	0.53
163	175	0.17
163	400	0.61
164	263	0.92
245	165	0.80
165	312	0.36
431	165	0.16
166	287	0.10
166	390	0.51
167	228	0.84
167	416	0.88
168	170	0.84
240	168	0.80
470	168	0.92
169	487	0.72
170	240	0.19
170	470	0.85
225	171	0.67
344	172	0.59
185	173	0.13
173	226	0.96
322	174	0.63
174	323	0.32
175	400	0.37
176	194	0.01
406	176	0.67
399	177	0.72
467	177	0.89
256	178	0.14
178	295	0.50
178	313	0.46
253	179	0.78
287	179	0.11
180	292	0.01
180	390	0.68
181	426	0.96
281	182	0.41
182	350	0.68
459	182	0.03
210	183	0.39
183	241	0.08
183	310	0.76
184	190	0.63
184	451	0.25
458	184	0.90
213	185	0.81
186	377	0.97
187	287	0.51
187	496	0.93
188	413	0.83
188	442	0.57
490	188	0.01
189	260	0.39
189	272	0.22
189	377	0.53
451	190	0.07
190	458	0.48
191	206	0.46
191	388	0.94
192	246	0.14
192	403	0.98
193	230	0.98
193	331	0.02
194	406	0.81
288	195	0.10
195	318	0.53
195	471	0.59
196	283	0.55
197	314	0.84
197	402	0.66
198	305	0.01
434	198	0.02
198	469	0.81
439	199	0.26
489	199	0.89
200	235	0.68
200	397	0.34
201	298	0.31
201	321	0.03
349	202	0.75
202	433	0.60
204	385	0.87
205	389	0.65
205	454	0.43
371	207	0.89
208	254	0.68
466	208	0.21
209	286	0.81
209	339	0.95
209	387	0.05
209	494	0.32
293	210	0.79
463	210	0.76
212	214	0.84
279	212	0.21
214	279	0.83
422	214	0.40
215	322	0.57
378	215	0.79
461	215	0.70
335	216	0.24
459	216	0.53
303	217	0.13
432	217	0.83
217	445	0.86
218	474	0.63
219	332	0.67
219	427	0.03
477	219	0.39
275	220	0.05
220	492	0.92
383	221	0.85
401	221	0.96
222	276	0.17
222	285	0.30
364	222	0.17
495	222	0.58
223	290	0.43
224	297	0.45
224	366	0.90
347	225	0.91
270	227	0.55
227	415	0.13
228	355	0.17
228	416	0.41
229	241	0.41
229	338	0.64
340	229	0.99
230	372	0.70
267	231	0.61
348	231	0.71
231	354	0.97
324	232	0.46
232	334	0.41
232	476	0.62
380	233	0.69
284	234	1.00
234	326	0.02
235	257	0.62
235	408	0.49
277	236	0.89
238	344	0.34
238	472	0.24
248	239	0.16
419	239	0.66
239	468	0.03
240	379	0.35
240	470	0.21
310	241	0.58
319	242	0.27
420	242	0.82
242	478	0.86
242	499	0.47
398	243	0.89
243	405	0.32
243	475	0.02
391	244	0.25
312	245	0.60
431	245	0.83
246	403	0.06
247	268	0.24
247	368	0.77
247	479	0.72
489	247	0.38
248	419	0.27
248	468	0.58
397	249	0.75
483	249	0.24
255	250	0.94
395	250	0.32
251	302	0.51
251	410	0.41
252	308	0.14
252	481	0.07
253	296	0.42
321	253	0.60
391	254	0.13
493	255	0.54
256	313	0.05
257	386	0.59
258	261	0.36
444	258	0.01
277	259	0.79
259	307	0.56
496	259	0.47
260	272	0.46
260	327	0.83
452	260	0.38
444	261	0.08
262	302	0.68
464	262	0.94
264	414	0.50
265	274	0.89
265	314	0.92
265	442	0.83
351	266	0.48
375	266	0.64
392	266	0.20
437	267	0.46
268	479	0.71
489	268	0.66
282	269	0.22
300	269	0.47
269	441	0.18
450	270	0.67
415	271	0.96
438	271	0.57
333	272	0.36
272	374	0.14
273	309	0.22
367	273	0.76
274	442	0.30
492	275	0.97
294	276	0.01
486	276	0.52
307	277	0.77
406	278	0.21
292	280	0.50
280	341	0.88
280	421	0.73
350	281	0.87
461	281	0.01
441	282	0.67
282	450	0.90
283	290	0.10
334	284	0.91
285	364	0.53
495	285	0.55
286	387	0.79
446	286	0.83
288	471	0.38
289	394	0.73
435	289	0.66
291	381	0.77
291	443	0.16
390	292	0.60
463	293	0.37
294	486	0.35
295	306	0.80
295	482	0.44
296	321	0.54
297	460	0.58
304	299	0.08
299	361	0.36
440	299	0.94
300	376	0.22
359	301	0.69
301	398	0.59
456	301	0.92
464	302	0.35
432	303	0.06
361	304	0.32
440	304	0.43
305	389	0.30
454	305	0.94
306	407	0.29
308	481	0.05
367	309	0.77
309	393	0.72
453	309	0.89
330	311	0.76
311	445	0.49
431	312	0.90
315	440	0.06
497	315	0.42
316	326	0.72
316	422	0.03
317	420	0.72
317	478	0.30
318	388	0.39
436	318	0.84
465	320	0.96
322	461	0.59
323	410	0.85
334	324	0.16
325	491	0.91
422	326	0.61
330	327	0.60
327	333	0.98
377	327	0.45
453	328	0.46
328	498	0.60
329	369	0.78
484	329	0.59
445	330	0.12
331	452	0.45
427	332	0.92
377	333	0.87
335	459	0.26
412	336	0.33
337	368	0.16
488	337	0.07
338	340	0.72
339	416	0.57
339	494	0.68
435	340	0.32
341	412	0.58
341	421	0.86
342	355	0.43
462	342	0.58
457	343	0.21
488	343	0.99
345	491	0.55
346	389	0.71
346	404	0.54
347	362	0.37
348	396	0.44
349	433	0.01
349	449	0.05
360	350	0.94
375	351	0.77
498	351	0.57
373	352	0.39
435	355	0.05
426	357	0.34
379	359	0.08
359	409	0.51
360	371	0.07
360	448	0.95
394	361	0.36
440	361	0.63
477	363	0.95
495	364	0.86
365	411	0.52
393	367	0.15
392	368	0.01
484	369	0.84
370	417	0.48
370	472	0.35
448	371	0.67
373	424	0.88
373	475	0.68
409	379	0.23
395	381	0.82
381	448	0.83
382	476	0.87
401	383	0.83
383	467	0.90
384	413	0.79
384	414	0.37
387	446	0.75
454	389	0.35
392	457	0.35
392	488	0.26
443	395	0.48
455	395	0.09
485	396	0.12
397	483	0.58
456	398	0.64
399	467	0.98
439	400	0.06
425	402	0.74
405	475	0.88
407	460	0.51
482	407	0.66
413	490	0.39
415	438	0.33
472	417	0.73
418	473	0.74
468	419	0.57
469	419	0.65
420	499	0.46
438	423	0.45
423	480	0.56
497	425	0.45
485	428	0.49
449	433	0.72
469	434	0.87
436	471	0.73
483	446	0.03
446	494	0.29
447	487	0.89
466	450	0.32
451	458	0.23
452	462	0.81
498	453	0.85
457	488	0.87
460	482	0.24
480	464	0.52
486	465	0.03
478	499	0.13
489	479	0.64
