0	31	0.43
53	0	0.37
0	103	0.08
1	36	0.88
1	96	0.68
229	1	0.37
205	2	0.73
2	277	0.09
368	2	0.43
3	133	0.78
199	3	0.58
3	417	0.66
264	4	0.54
4	410	0.77
4	455	0.98
5	21	0.62
5	58	0.71
5	191	0.87
198	5	0.53
6	185	0.43
207	6	0.36
326	6	0.29
336	6	0.70
7	342	0.74
351	7	0.43
380	7	0.14
365	8	0.83
383	8	0.14
8	473	0.51
68	9	0.46
9	363	0.43
9	445	0.58
10	110	0.88
340	10	0.23
10	443	0.29
10	488	0.64
104	11	0.95
11	118	0.91
135	11	0.72
11	238	0.91
12	284	0.69
12	356	0.79
442	12	0.13
13	227	0.77
241	13	0.53
245	13	0.01
13	369	0.58
14	271	0.90
423	14	0.15
14	432	0.13
15	140	0.09
283	15	0.66
301	15	0.36
15	354	0.80
16	43	0.65
56	16	0.05
226	16	0.18
497	16	0.09
65	17	0.75
425	17	0.52
440	17	0.69
18	54	0.48
18	358	0.77
18	407	0.20
216	19	0.01
19	239	0.22
472	19	0.66
20	50	0.78
20	293	0.05
20	395	0.39
21	58	0.03
198	21	0.57
138	22	0.24
22	230	0.84
22	378	0.51
23	32	0.95
289	23	0.27
23	352	0.04
24	30	0.66
36	24	0.54
24	319	0.06
78	25	0.08
265	25	0.14
25	290	0.20
25	370	0.41
98	26	0.71
441	26	0.82
26	443	0.32
111	27	0.22
27	228	0.73
27	399	0.55
28	83	0.80
28	241	0.29
28	298	0.25
369	28	0.01
29	176	0.55
182	29	0.83
29	276	0.34
29	449	0.92
30	280	0.41
319	30	0.62
406	31	0.92
31	447	0.52
32	73	0.72
141	32	0.16
33	71	0.49
33	173	0.53
227	33	0.91
34	112	0.11
274	34	0.26
34	463	0.89
159	35	0.63
421	35	0.28
499	35	0.50
96	36	0.82
133	37	0.01
37	181	0.03
396	37	0.85
435	37	0.07
38	119	0.17
268	38	0.86
402	38	0.15
46	39	0.14
39	88	0.34
39	441	0.56
40	387	0.89
40	400	0.85
471	40	0.92
41	254	0.75
297	41	0.85
496	41	0.71
120	42	0.38
42	160	0.97
428	42	0.12
431	42	0.16
43	100	0.97
152	43	0.05
44	113	0.53
167	44	0.69
44	215	0.98
339	44	0.91
45	60	0.12
90	45	0.71
45	154	0.01
492	45	0.33
88	46	0.54
46	372	0.57
47	81	0.52
47	82	0.55
47	210	0.35
48	175	0.81
48	183	0.11
331	48	0.20
335	48	0.31
49	187	0.17
316	49	0.27
361	49	0.22
498	49	0.97
395	50	0.81
50	399	0.86
51	288	0.20
51	324	0.97
480	51	0.76
74	52	0.40
52	214	0.02
272	52	0.19
53	103	0.36
320	53	0.25
53	491	0.29
304	54	0.64
54	407	0.05
223	55	0.28
290	55	0.51
55	335	0.50
56	160	0.59
226	56	0.25
497	56	0.37
212	57	0.89
57	257	0.76
57	406	0.20
476	57	0.62
58	198	0.01
58	344	0.63
86	59	0.66
59	87	0.19
217	59	0.86
60	190	0.64
60	387	0.65
471	60	0.38
61	196	0.30
61	242	0.75
61	485	0.20
62	107	0.55
62	220	0.36
487	62	0.78
63	70	0.30
63	213	0.99
63	344	0.14
63	388	0.67
64	91	0.12
64	122	0.46
64	413	0.60
65	425	0.41
65	440	0.22
66	101	0.77
134	66	0.31
203	66	0.25
66	206	0.41
67	76	0.37
151	67	0.13
67	194	0.66
445	68	0.47
68	481	0.21
100	69	0.90
69	191	0.70
251	69	0.81
213	70	0.89
388	70	0.97
173	71	0.31
71	227	0.58
102	72	0.29
72	246	0.59
72	426	0.40
73	141	0.44
286	73	0.27
74	214	0.88
74	272	0.62
308	74	0.22
235	75	0.24
75	346	0.03
75	489	0.68
151	76	0.13
194	76	0.42
77	144	0.79
294	77	0.46
403	77	0.91
85	78	0.03
78	355	0.19
79	126	0.54
283	79	0.90
79	333	0.18
205	80	0.13
279	80	0.43
420	80	0.14
81	82	0.27
139	81	0.71
82	139	0.31
417	82	0.36
245	83	0.03
83	369	0.58
84	153	0.69
84	306	0.56
343	84	0.97
422	84	0.85
85	180	0.53
85	278	0.35
85	355	0.11
217	86	0.84
86	458	0.08
152	87	0.92
87	174	0.31
88	355	0.67
89	121	0.92
209	89	0.70
89	375	0.55
154	90	0.51
217	90	0.50
90	492	0.45
91	122	0.53
432	91	0.29
105	92	0.71
127	92	0.43
92	147	0.51
93	256	0.12
93	372	0.97
397	93	0.11
93	419	0.88
258	94	0.59
277	94	0.84
479	94	0.47
95	150	0.84
293	95	0.93
95	341	0.62
426	95	0.76
171	96	0.29
200	97	0.99
97	323	0.10
97	416	0.84
97	474	0.68
98	466	0.21
474	98	0.06
99	273	0.16
314	99	0.14
99	337	0.07
100	226	0.04
101	155	0.31
101	303	0.57
216	102	0.08
102	459	0.20
103	168	0.51
320	103	0.60
104	250	0.97
104	482	0.84
105	127	0.52
467	105	0.93
106	193	0.57
249	106	0.84
299	106	0.63
107	220	0.10
487	107	0.62
493	107	0.09
108	129	0.33
202	108	0.75
371	108	0.30
465	108	0.90
109	130	0.54
109	179	0.11
381	109	0.41
109	398	0.07
340	110	0.71
110	427	0.84
110	488	0.71
228	111	0.78
364	111	0.21
399	111	0.63
274	112	0.56
463	112	0.68
280	113	0.29
345	113	0.42
113	393	0.39
114	122	0.95
114	157	0.79
114	313	0.88
115	159	0.73
270	115	0.51
312	115	0.69
169	116	0.45
116	170	0.09
116	236	0.59
253	116	0.18
187	117	0.78
232	117	0.23
386	117	0.61
118	135	0.57
238	118	0.45
404	118	0.74
189	119	0.64
261	119	0.29
414	119	0.06
120	160	0.77
120	252	0.72
431	120	0.20
121	209	0.94
121	375	0.45
413	122	0.38
163	123	0.11
123	201	0.72
123	362	0.96
123	367	0.53
229	124	0.34
124	327	0.50
484	124	0.36
125	302	0.72
336	125	0.05
353	125	0.65
333	126	0.15
126	436	0.57
127	360	0.48
128	188	0.48
293	128	0.49
128	341	0.50
359	128	0.63
202	129	0.36
309	129	0.86
129	371	0.50
130	171	0.36
386	130	0.83
182	131	0.64
131	322	0.05
131	418	0.59
190	132	0.74
315	132	0.08
132	471	0.11
133	181	0.01
412	133	0.60
203	134	0.48
134	206	0.76
374	134	0.34
364	135	0.17
404	135	0.06
334	136	0.80
136	390	0.25
136	456	0.45
339	137	0.24
457	137	0.10
490	137	0.52
230	138	0.95
138	378	0.33
139	257	0.43
283	140	0.58
301	140	0.39
141	348	0.92
142	184	0.54
142	260	0.70
142	354	0.18
233	143	0.92
237	143	0.97
143	260	0.34
294	144	0.38
461	144	0.36
145	146	0.63
145	291	0.01
145	439	0.86
146	291	0.52
439	146	0.21
147	208	0.56
282	147	0.05
411	147	0.82
148	219	0.52
231	148	0.45
350	148	0.17
209	149	0.78
149	255	0.22
298	149	0.34
486	149	0.26
150	188	0.34
341	150	0.23
150	359	0.16
151	194	0.19
174	152	0.17
306	153	0.41
153	394	0.90
154	164	0.52
154	492	0.86
303	155	0.20
347	155	0.71
185	156	0.47
156	299	0.21
421	156	0.04
157	247	0.18
157	313	0.92
157	344	0.58
295	158	0.50
305	158	0.50
377	158	0.25
270	159	0.65
312	159	0.27
428	160	0.68
161	235	0.53
342	161	0.01
161	351	0.58
371	162	0.25
466	162	0.47
483	162	0.88
201	163	0.56
163	300	0.76
362	163	0.72
164	329	0.24
164	450	0.49
165	211	0.51
165	451	0.72
165	475	0.53
166	317	0.05
321	166	0.21
166	437	0.44
184	167	0.78
167	215	0.95
167	339	0.72
168	320	0.70
168	491	0.48
169	236	0.89
253	169	0.93
234	170	0.60
170	253	0.75
171	386	0.24
172	224	0.78
356	172	0.96
465	172	0.88
179	173	0.10
173	227	0.77
291	174	0.17
175	183	0.29
175	331	0.26
175	455	0.28
276	176	0.99
449	176	0.39
318	177	0.27
338	177	0.82
177	366	0.54
177	391	0.14
294	178	0.21
403	178	0.93
178	461	0.19
179	381	0.80
179	398	0.23
275	180	0.40
180	453	0.05
460	180	0.21
435	181	0.16
182	322	0.44
183	331	0.99
184	354	0.75
185	299	0.38
221	186	0.98
374	186	0.70
186	391	0.37
187	232	0.21
188	341	0.45
189	259	0.08
189	376	0.40
414	189	0.43
190	400	0.48
190	469	0.53
191	251	0.81
365	192	0.08
192	459	0.56
192	480	0.52
193	248	0.43
193	249	0.88
195	380	0.01
195	448	0.34
195	488	0.18
196	242	0.59
390	196	0.07
196	485	0.44
197	244	0.33
197	315	0.68
197	327	0.05
198	204	0.18
199	417	0.06
436	199	0.43
200	292	0.27
382	200	0.67
446	200	0.05
201	362	0.39
202	309	0.12
203	206	0.23
204	467	0.16
483	204	0.11
204	495	0.08
205	420	0.73
206	479	0.98
207	326	0.58
336	207	0.55
208	282	0.71
324	208	0.30
208	411	0.52
209	375	0.16
210	310	0.19
210	383	0.98
389	211	0.10
464	211	0.97
212	257	0.51
476	212	0.01
213	388	0.69
272	214	0.25
214	349	0.47
339	215	0.76
385	215	0.77
239	216	0.01
332	218	0.50
385	218	0.48
405	218	0.70
219	231	0.01
219	343	0.17
219	350	0.87
220	487	0.16
353	221	0.11
374	221	0.27
222	401	0.62
410	222	0.48
433	222	0.97
223	243	0.01
223	442	0.22
340	224	0.14
465	224	0.57
225	262	0.30
225	325	0.43
225	328	0.81
497	226	0.49
399	228	0.11
229	484	0.37
230	255	0.10
230	378	0.67
231	350	0.25
232	491	0.64
429	233	0.43
233	468	0.05
267	234	0.18
363	234	0.13
234	434	0.65
346	235	0.51
235	489	0.75
236	253	0.02
269	236	0.60
260	237	0.72
237	300	0.78
238	364	0.13
239	472	0.76
269	240	0.09
240	372	0.12
240	454	0.03
493	240	0.46
245	241	0.57
242	485	0.39
243	285	0.71
243	442	0.71
315	244	0.26
437	244	0.35
369	245	0.34
246	426	0.74
246	477	0.61
279	247	0.06
247	332	0.90
248	348	0.23
462	248	0.37
413	249	0.04
473	250	0.10
250	482	0.95
251	396	0.59
252	428	0.79
252	431	0.43
297	254	0.27
254	496	0.95
255	298	0.36
486	255	0.67
392	256	0.49
397	256	0.54
419	256	0.23
257	476	0.01
258	370	0.01
258	479	0.74
259	261	0.04
259	376	0.87
414	259	0.85
300	260	0.40
376	261	0.49
262	270	0.34
262	325	0.95
262	328	0.29
392	263	0.16
429	263	0.28
263	468	1.00
410	264	0.43
264	455	0.46
265	347	0.09
370	265	0.95
398	266	0.84
266	427	0.79
430	266	0.67
267	363	0.97
267	434	0.35
268	402	0.45
268	420	0.33
454	269	0.02
493	269	0.81
312	270	0.73
340	271	0.91
271	423	0.18
432	271	0.92
314	273	0.26
337	273	0.88
274	463	0.40
453	275	0.57
460	275	0.85
449	276	0.06
368	277	0.65
278	355	0.69
278	450	0.78
332	279	0.36
279	385	0.97
345	280	1.00
393	280	0.13
458	281	0.42
494	281	0.38
499	281	0.90
411	282	0.66
283	301	0.48
284	356	0.37
381	284	0.15
296	285	0.94
409	285	0.18
286	306	0.72
286	422	0.42
330	287	0.52
287	379	0.61
438	287	0.80
288	324	0.72
460	288	0.68
289	352	0.42
289	452	0.41
490	289	0.19
290	335	0.18
291	439	0.34
323	292	0.94
382	292	0.16
292	416	0.45
293	359	0.64
294	403	0.10
295	305	0.54
295	377	0.64
303	296	0.54
296	409	0.21
496	297	0.44
302	353	0.14
408	302	0.92
304	357	0.98
367	304	0.12
377	305	0.80
343	306	0.23
308	307	0.96
408	307	0.62
307	475	0.82
408	308	0.54
309	371	0.93
310	383	0.60
444	310	0.90
311	317	0.42
357	311	0.93
367	311	0.06
311	482	0.01
344	313	0.81
314	337	0.64
361	316	0.86
316	498	0.38
317	437	0.86
318	366	0.67
318	391	0.58
318	444	0.25
447	319	0.08
491	320	0.47
321	437	0.38
321	452	0.01
362	322	0.70
323	382	0.79
416	323	0.55
328	325	0.68
326	336	0.57
484	327	0.06
330	328	0.37
329	415	0.33
329	450	0.41
379	330	0.05
438	330	0.10
331	358	0.07
405	332	0.93
373	333	0.58
333	436	0.10
390	334	0.90
334	456	0.48
366	338	0.27
338	391	0.77
338	444	0.85
342	351	0.05
394	343	0.46
345	393	0.81
346	489	0.92
347	370	0.18
462	348	0.64
446	349	0.72
477	349	0.11
352	407	0.55
352	452	0.78
357	367	0.35
358	407	0.87
360	424	0.25
360	470	0.30
360	478	0.71
498	361	0.49
434	363	0.78
404	364	0.78
473	365	0.70
444	366	0.83
497	368	0.39
419	372	0.39
373	415	0.63
373	418	0.22
373	433	0.88
414	376	0.83
430	378	0.78
438	379	0.84
448	380	0.91
381	398	0.18
416	382	0.04
389	384	0.86
464	384	0.12
384	494	0.40
385	438	0.33
400	387	0.70
387	471	0.25
389	395	0.78
464	389	0.85
456	390	0.01
392	397	0.26
392	419	0.98
422	394	0.18
394	435	0.43
396	412	0.85
397	405	0.69
401	433	0.11
481	401	0.06
402	440	0.12
403	461	0.85
447	406	0.47
429	409	0.57
455	410	0.79
412	435	0.44
418	415	0.41
415	469	0.88
469	418	0.38
499	421	0.52
423	432	0.17
424	470	0.60
478	424	0.61
425	440	0.64
425	470	0.51
430	427	0.53
429	468	0.53
443	441	0.72
464	445	0.19
445	481	0.03
477	446	0.25
448	486	0.74
472	451	0.98
475	451	0.75
462	452	0.75
460	453	0.87
454	493	0.14
490	457	0.02
457	498	0.62
458	494	0.64
480	459	0.96
466	474	0.23
467	483	0.25
495	467	0.69
470	478	0.92
483	495	0.71
