0	48	0.08
224	0	0.35
0	240	0.19
0	279	0.48
1	236	0.41
252	1	0.07
442	1	0.61
2	239	0.30
259	2	0.98
2	495	0.69
38	3	0.67
3	251	0.37
379	3	0.43
4	37	0.63
4	438	0.87
4	454	0.33
5	100	0.97
5	203	0.43
283	5	0.53
6	202	0.90
232	6	0.05
317	6	0.88
354	6	0.84
7	92	0.80
155	7	0.59
356	7	0.51
412	7	0.51
133	8	0.11
8	314	0.72
457	8	0.34
9	249	0.47
9	322	0.47
9	466	0.36
36	10	0.78
10	358	0.90
10	386	0.05
20	11	0.61
11	77	0.80
390	11	0.02
11	491	0.78
12	22	0.93
12	339	0.87
375	12	0.92
12	409	0.39
141	13	0.96
255	13	0.41
13	274	0.96
13	489	0.60
17	14	0.13
14	382	0.57
14	401	0.80
22	15	0.07
181	15	0.46
15	253	0.03
16	97	0.35
174	16	0.64
475	16	0.71
110	17	0.63
382	17	0.21
401	17	0.10
99	18	0.87
18	395	0.79
18	428	0.07
19	149	0.63
180	19	0.54
19	229	0.64
464	19	0.46
20	77	0.88
20	257	0.51
20	390	0.64
21	31	0.18
55	21	0.89
62	21	0.16
21	166	0.15
22	181	0.47
22	253	0.40
312	23	0.12
23	365	0.26
23	385	0.09
128	24	0.86
24	345	0.29
408	24	0.71
194	25	0.72
25	258	0.68
25	472	0.56
164	26	1.00
201	26	0.04
26	371	0.79
42	27	0.98
27	219	0.46
27	422	0.12
28	210	0.61
28	229	0.83
28	464	0.97
43	29	0.15
29	239	0.56
280	29	0.26
29	420	0.20
30	59	0.07
30	417	0.80
472	30	0.87
161	31	0.71
31	166	0.83
32	35	0.08
446	32	0.96
32	487	0.89
33	189	0.55
283	33	0.06
33	419	0.69
496	33	0.84
34	237	0.79
332	34	0.75
430	34	0.72
281	35	0.66
446	35	0.28
487	35	0.48
36	386	0.93
391	36	0.91
126	37	0.92
37	413	0.89
454	37	0.97
255	38	0.77
379	38	0.21
39	54	0.35
39	78	0.04
39	270	0.82
40	63	0.48
251	40	0.83
40	282	0.03
331	40	0.97
197	41	0.85
476	41	0.12
41	490	0.46
143	42	0.04
228	42	0.46
42	358	0.35
280	43	0.34
43	420	0.55
487	43	0.92
44	160	0.81
214	44	0.40
44	299	0.59
455	44	0.69
45	80	0.92
156	45	0.02
402	45	0.76
46	165	0.89
46	200	0.17
46	227	0.45
47	144	0.16
47	150	0.08
47	216	0.11
351	47	0.21
224	48	0.69
48	279	0.48
124	49	0.87
284	49	0.12
293	49	0.12
421	49	0.57
50	95	0.90
50	204	0.04
50	237	0.50
276	50	0.62
85	51	0.33
51	202	0.97
217	51	0.74
52	297	0.53
320	52	0.78
52	369	0.28
108	53	0.06
53	168	0.42
298	53	0.45
78	54	0.50
54	453	0.69
55	56	0.36
166	55	0.59
310	55	0.99
111	56	0.14
56	333	0.72
56	384	0.98
172	57	0.01
57	286	0.76
57	296	0.26
461	57	0.14
58	339	0.07
375	58	0.71
58	409	0.66
59	75	0.40
417	59	0.10
60	67	0.78
60	424	0.80
60	497	0.96
61	131	0.87
61	213	0.43
241	61	0.71
62	249	0.84
62	363	0.50
63	251	0.27
63	331	0.13
64	175	0.74
64	267	0.58
64	366	0.76
65	139	0.16
65	436	0.22
65	457	0.16
467	65	0.36
77	66	0.37
66	407	0.26
66	479	0.88
484	66	0.57
67	326	0.49
360	67	0.82
67	424	0.38
159	68	0.92
68	226	0.99
308	68	0.05
481	68	0.21
180	69	0.98
192	69	0.72
69	309	0.48
327	70	0.78
70	398	0.87
70	478	0.75
71	186	0.47
242	71	0.29
71	388	0.01
72	94	0.16
177	72	0.45
289	72	0.41
72	437	0.44
73	80	0.10
248	73	0.87
402	73	0.67
74	377	0.65
398	74	0.39
458	74	0.02
140	75	0.54
75	321	0.09
75	336	0.46
120	76	0.40
76	404	0.34
437	76	0.63
390	77	0.89
103	78	0.69
79	191	0.68
394	79	0.66
79	486	0.22
156	80	0.60
248	80	0.54
81	290	0.78
81	335	0.65
81	452	0.73
93	82	0.80
123	82	0.63
82	155	0.14
82	182	0.16
83	203	0.57
243	83	0.14
83	479	0.18
484	83	0.15
84	187	0.46
84	217	0.77
84	359	0.37
217	85	0.65
85	339	0.69
197	86	0.79
238	86	0.45
86	348	0.53
86	462	0.74
322	87	0.33
369	87	0.35
429	87	0.99
88	170	0.80
88	288	0.17
88	319	0.93
114	89	0.37
89	140	0.49
234	89	0.44
291	89	0.46
188	90	0.12
90	266	0.62
447	90	0.46
91	122	0.04
224	91	0.11
361	91	0.99
434	91	0.62
92	127	0.35
92	356	0.36
92	412	0.84
93	155	0.13
245	93	0.12
93	325	0.92
207	94	0.10
94	289	0.39
94	437	0.56
95	276	0.82
95	414	0.35
135	96	0.66
96	167	1.00
96	364	0.78
499	96	0.02
97	174	0.92
97	475	0.88
98	276	0.06
303	98	0.72
98	425	0.98
169	99	0.42
395	99	0.08
99	469	0.10
283	100	0.68
321	100	0.07
101	232	0.37
360	101	0.31
483	101	0.59
142	102	0.48
102	277	0.41
102	451	0.79
107	103	0.92
103	263	0.14
275	103	0.22
104	209	0.08
104	294	0.51
318	104	0.10
427	104	0.91
160	105	0.14
299	105	0.79
362	105	0.88
361	106	0.36
383	106	0.78
106	434	0.18
107	163	0.47
107	233	0.60
107	417	0.90
108	339	0.97
375	108	0.18
409	108	0.23
226	109	0.58
109	419	0.50
109	481	0.84
215	110	0.60
334	110	0.38
172	111	0.05
333	111	0.16
111	384	0.93
128	112	0.74
368	112	0.17
431	112	0.74
136	113	0.44
173	113	0.88
113	418	0.29
114	234	0.07
291	114	0.52
115	164	0.59
115	218	0.82
371	115	0.53
400	115	0.24
116	228	0.77
116	287	0.44
116	422	0.10
285	117	0.90
117	329	0.27
341	117	0.81
117	389	0.84
210	118	0.03
229	118	0.76
323	118	0.97
119	121	0.39
119	191	0.16
119	324	0.10
368	120	0.92
120	404	0.52
130	121	0.01
324	121	0.87
342	121	0.25
122	361	0.81
122	383	0.20
434	122	0.95
245	123	0.85
123	325	0.46
124	293	0.45
421	124	0.97
463	124	0.76
125	337	0.92
125	393	0.03
397	125	0.74
438	126	0.01
126	466	0.01
468	126	0.85
212	127	0.68
219	127	0.23
345	128	0.28
128	408	0.98
129	135	0.67
167	129	0.49
488	129	0.99
499	129	0.24
213	130	0.80
130	222	0.59
131	138	0.23
241	131	0.30
199	132	0.69
132	435	0.20
132	467	0.91
133	314	0.57
133	359	0.88
311	134	0.17
343	134	0.47
134	403	0.38
271	135	0.24
173	136	0.15
136	208	0.69
136	460	0.08
137	223	0.66
137	244	0.47
281	137	0.08
138	241	0.17
268	138	0.20
436	139	0.08
139	457	0.18
321	140	0.50
336	140	0.77
196	141	0.39
141	346	0.52
162	142	0.33
277	142	0.10
142	451	0.14
287	143	0.61
143	422	0.87
144	150	0.21
272	144	0.03
260	145	0.38
145	268	0.91
145	423	0.34
146	352	0.72
399	146	0.21
440	146	0.97
193	147	0.93
147	335	0.57
435	147	0.84
148	300	0.47
148	318	0.82
148	497	0.27
269	149	0.37
310	149	0.22
341	150	0.23
351	150	0.51
328	151	0.03
388	151	0.34
151	443	0.79
195	152	0.20
152	237	0.16
332	152	0.51
458	152	0.73
308	153	0.19
353	153	0.19
153	423	0.73
316	154	0.60
154	380	0.03
154	498	0.73
155	325	0.48
156	248	0.13
157	206	0.52
157	220	0.45
248	157	0.96
158	216	0.04
272	158	0.80
158	351	0.18
159	184	0.53
159	444	1.00
159	493	0.07
160	214	0.46
455	160	0.87
349	161	0.56
161	449	0.46
162	364	0.29
162	411	0.93
233	163	0.01
275	163	0.01
494	163	0.50
164	201	0.34
218	164	0.28
165	227	0.84
165	426	0.07
167	271	0.41
370	167	0.67
298	168	0.49
343	168	0.17
179	169	0.75
169	391	0.41
170	295	0.31
300	170	0.83
319	170	0.50
171	245	0.88
171	323	0.51
171	491	0.93
296	172	0.99
172	461	0.99
460	173	0.25
494	173	0.61
174	475	0.49
175	370	0.37
175	372	0.77
176	335	0.24
443	176	0.73
452	176	0.21
176	488	0.98
177	278	0.01
177	465	0.07
178	261	0.88
178	288	0.73
387	178	0.41
179	303	0.13
179	391	0.98
180	192	0.73
432	180	0.75
181	211	0.56
181	400	0.01
182	282	0.57
182	367	0.04
183	395	0.03
183	428	0.38
183	469	0.44
184	344	0.87
444	184	0.04
184	493	1.00
185	221	0.69
185	471	0.17
185	485	0.81
186	242	0.93
186	383	0.28
359	187	0.57
187	366	0.57
266	188	0.86
447	188	0.59
189	190	0.74
189	284	0.72
190	284	0.41
190	496	0.98
342	191	0.97
191	480	0.08
192	225	0.48
193	316	0.54
193	435	0.77
410	194	0.51
194	472	0.47
237	195	0.07
195	430	0.07
196	346	0.22
196	387	0.81
197	476	0.03
490	197	0.23
258	198	0.99
198	439	0.97
485	198	0.86
199	401	0.21
467	199	0.52
200	235	0.77
441	200	0.73
218	201	0.67
371	201	0.24
223	202	0.07
317	202	0.08
243	203	0.39
203	407	0.85
204	276	0.76
204	450	0.05
205	264	0.39
301	205	0.61
315	205	0.88
206	220	0.69
266	206	0.01
289	207	0.26
207	437	0.41
208	374	0.31
418	208	0.70
460	208	0.14
209	294	0.87
209	427	0.23
210	349	0.88
464	210	0.49
351	211	0.56
211	400	0.60
212	219	0.01
212	385	0.56
213	222	0.75
214	299	0.95
455	214	0.44
215	257	0.17
334	215	0.82
272	216	0.22
218	371	0.79
411	220	0.03
221	279	0.45
221	471	0.84
262	222	0.09
232	223	0.74
223	354	0.89
224	279	0.57
225	309	0.11
432	225	0.78
226	481	0.78
227	296	0.43
287	228	0.54
253	230	0.74
230	278	0.81
230	465	0.24
231	254	0.95
265	231	0.47
415	231	0.81
354	232	0.04
233	471	0.05
233	494	0.61
291	234	0.14
235	302	1.00
235	441	0.83
252	236	0.54
319	236	0.69
442	236	0.61
238	357	0.67
238	474	0.97
238	482	0.98
239	259	0.86
495	239	0.32
240	262	0.80
240	410	0.88
347	242	0.39
376	243	0.14
281	244	0.36
441	244	0.61
245	325	0.01
246	355	0.17
246	392	0.65
246	470	0.61
247	378	0.35
416	247	0.98
448	247	0.58
363	249	0.68
250	307	0.45
250	373	0.80
250	450	0.30
331	251	0.26
442	252	0.01
253	400	0.99
307	254	0.35
254	415	0.64
255	430	0.46
489	255	0.81
285	256	0.63
256	341	0.27
389	256	0.10
257	334	0.28
258	439	0.43
258	485	0.12
259	428	0.65
495	259	0.49
265	260	0.97
381	260	0.91
333	261	0.08
261	387	0.47
410	262	0.19
275	263	0.35
287	263	0.13
264	301	0.05
315	264	0.33
381	265	0.78
447	266	0.74
366	267	0.66
267	454	0.59
268	423	0.96
310	269	0.23
269	476	0.50
445	270	0.27
492	270	0.27
499	271	0.94
314	272	0.26
292	273	0.16
379	273	0.26
273	414	0.37
274	306	0.37
340	274	0.33
396	274	0.57
494	275	0.05
277	451	0.68
278	465	0.01
420	280	0.63
282	367	0.79
496	284	0.55
285	389	0.50
328	286	0.98
286	376	0.89
288	295	0.33
319	288	0.97
290	312	0.81
290	452	0.04
488	290	0.10
330	291	0.64
292	373	0.77
292	414	0.70
293	421	0.55
294	427	0.29
295	300	0.21
461	296	0.16
297	313	0.26
330	297	0.54
297	404	0.99
421	298	0.14
299	311	0.78
315	301	0.05
347	302	0.67
463	302	0.49
477	302	0.81
425	303	0.91
304	305	0.47
350	304	0.74
304	380	0.32
305	350	0.17
372	305	0.33
306	396	0.77
405	306	0.01
373	307	0.27
307	450	0.84
353	308	0.57
309	432	0.09
343	311	0.37
312	335	0.96
312	488	0.53
313	320	0.62
313	330	0.81
313	456	0.95
435	316	0.15
354	317	0.97
318	497	0.81
320	456	0.61
336	321	0.57
322	466	0.85
491	323	0.38
342	324	0.05
324	480	0.76
360	326	0.48
483	326	0.20
327	398	0.92
327	478	0.05
376	328	0.36
340	329	0.27
329	341	0.94
389	329	0.70
456	330	0.47
332	392	0.51
430	332	0.83
333	384	0.17
377	334	0.54
336	420	0.81
337	393	0.06
337	397	0.01
381	338	0.55
338	403	0.58
338	459	0.79
340	396	0.61
489	340	0.03
480	342	0.49
445	344	0.94
344	492	0.62
345	408	0.29
346	418	0.80
347	463	0.79
347	477	0.19
348	357	0.87
348	474	0.11
482	348	0.17
449	349	0.47
406	350	0.88
399	352	0.57
440	352	0.33
486	353	0.16
392	355	0.65
355	470	1.00
356	362	0.43
356	473	0.29
482	357	0.42
386	358	0.08
427	361	0.45
473	362	0.59
363	367	0.81
411	364	0.18
385	365	0.28
422	365	0.10
368	431	0.34
369	429	0.15
372	370	0.77
373	450	0.38
374	406	0.83
433	374	0.19
409	375	0.49
377	458	0.40
378	416	0.42
448	378	0.58
378	459	0.75
380	498	0.89
382	401	0.51
383	434	0.79
443	388	0.79
390	394	0.08
392	470	0.37
397	393	0.84
486	394	0.24
478	398	0.48
399	440	0.72
473	402	0.15
403	459	0.42
426	405	0.08
453	405	0.72
406	433	0.43
407	479	0.12
484	407	0.93
408	449	0.34
412	473	0.72
438	413	0.11
413	468	0.55
455	415	0.30
448	416	0.45
418	460	0.06
462	419	0.61
424	483	0.92
499	425	0.10
453	426	0.93
469	428	0.30
461	429	0.63
431	498	0.52
442	433	0.60
436	457	0.21
439	485	0.72
470	440	0.80
444	493	0.85
445	492	0.04
487	446	0.49
454	468	0.88
462	496	0.32
477	463	0.34
482	474	0.87
475	478	0.78
490	476	0.40
