0	57	0.79
180	0	0.02
0	389	0.10
1	192	0.24
1	241	0.05
267	1	0.19
12	2	0.12
2	40	0.94
295	2	0.75
2	498	0.69
223	3	0.93
3	263	0.58
305	3	0.58
4	156	0.01
4	194	0.69
4	206	0.89
4	492	0.64
5	52	0.61
246	5	0.90
5	278	0.07
245	6	0.09
248	6	0.55
355	6	0.01
6	417	0.94
120	7	0.83
189	7	0.24
396	7	0.55
436	7	0.56
8	99	0.22
160	8	0.05
8	357	0.27
9	23	0.73
9	59	0.41
273	9	0.02
9	488	0.59
10	51	0.12
111	10	0.29
10	459	0.82
14	11	0.16
11	246	0.14
11	280	0.41
11	342	0.83
18	12	0.91
12	58	0.87
482	12	0.12
107	13	0.47
13	243	0.22
13	320	0.14
298	14	0.83
14	306	0.36
15	240	0.40
338	15	0.82
349	15	0.23
16	217	0.58
16	331	0.38
368	16	0.58
49	17	0.87
252	17	0.07
458	17	0.29
40	18	0.80
58	18	0.12
18	98	0.83
19	150	0.81
19	364	0.93
400	19	0.13
19	491	0.73
333	20	0.76
20	354	0.63
20	426	0.66
20	428	0.33
21	81	0.12
222	21	0.30
408	21	0.71
22	50	0.39
22	128	0.43
22	291	0.24
227	23	0.72
23	288	0.93
23	444	0.98
94	24	0.11
24	147	0.60
359	24	0.20
449	24	0.25
24	465	0.09
25	42	0.01
48	25	0.32
122	25	0.15
25	309	0.73
171	26	0.68
26	285	0.08
26	407	0.15
27	66	0.06
27	247	0.07
27	485	0.58
101	28	0.82
28	130	0.12
372	28	0.19
29	148	0.27
29	296	0.56
29	407	0.80
94	30	0.96
449	30	0.62
30	465	0.77
31	145	0.97
181	31	0.56
31	289	0.44
32	251	0.20
409	32	0.67
32	425	0.14
496	32	0.04
33	312	0.14
440	33	0.66
461	33	0.43
86	34	0.86
126	34	0.02
137	34	0.34
34	432	0.23
82	35	0.43
257	35	0.89
35	369	0.66
39	36	0.26
45	36	0.63
302	36	0.26
36	404	0.07
37	49	0.62
37	239	0.77
37	321	0.76
107	38	0.26
38	229	0.46
393	38	0.21
45	39	0.30
384	39	0.81
40	482	0.66
71	41	0.18
362	41	0.34
41	424	0.27
43	42	0.62
42	187	0.60
198	42	0.23
43	187	0.19
308	43	0.34
44	307	0.01
353	44	0.39
44	391	0.73
302	45	0.75
420	45	0.38
46	251	0.45
46	387	0.96
46	427	0.22
47	290	0.50
47	373	0.55
47	451	0.67
122	48	0.67
309	48	0.20
49	239	0.09
128	50	0.11
370	50	0.30
111	51	0.44
215	51	0.30
51	459	0.98
52	278	0.85
52	466	0.67
190	53	0.21
216	53	0.88
53	235	0.97
444	53	0.45
54	190	0.76
235	54	0.82
54	467	0.77
172	55	0.57
55	256	1.00
330	55	0.26
96	56	0.66
56	239	0.85
56	323	0.27
180	57	0.91
201	57	0.17
295	58	0.12
59	273	0.29
59	306	0.48
488	59	0.86
60	117	0.50
60	223	0.15
263	60	0.72
60	305	0.11
394	61	0.02
61	405	0.55
61	476	0.57
72	62	0.97
62	80	0.78
62	395	0.56
63	213	0.23
63	286	0.27
63	368	0.02
350	64	0.40
64	409	0.88
64	496	0.74
65	110	0.34
65	214	0.60
65	486	1.00
66	247	0.98
66	372	0.61
66	485	0.58
67	89	0.05
67	260	0.71
284	67	0.82
125	68	0.31
68	173	0.49
68	197	0.71
349	68	0.42
69	78	0.11
361	69	0.84
69	408	0.40
410	69	0.42
70	162	0.14
233	70	0.24
360	70	0.65
403	71	0.01
424	71	0.15
72	80	0.05
395	72	0.17
73	115	0.25
73	159	0.61
73	402	0.74
471	73	0.74
74	255	0.30
74	276	0.88
383	74	0.41
454	74	0.15
75	204	0.65
75	292	0.15
365	75	0.27
124	76	0.64
76	253	0.92
332	76	0.74
419	76	0.75
123	77	0.03
77	220	0.29
77	414	0.20
473	77	0.68
78	112	0.56
361	78	0.02
410	78	0.90
114	79	0.42
79	265	0.02
427	79	0.40
80	103	0.73
395	80	0.39
222	81	0.15
81	408	0.17
81	413	0.41
82	257	0.46
369	82	0.81
131	83	0.55
83	375	0.62
83	418	0.25
84	214	0.52
294	84	0.84
84	429	0.23
196	85	0.94
85	366	0.19
85	379	0.33
86	137	0.64
432	86	0.58
87	171	0.17
439	87	0.55
495	87	0.85
88	136	0.68
88	168	0.03
340	88	0.23
170	89	0.83
207	89	0.92
89	392	0.55
90	173	0.65
90	197	0.55
371	90	0.93
91	169	0.51
237	91	0.65
264	91	0.61
209	92	0.78
92	252	0.82
281	92	0.07
92	322	0.39
282	93	0.01
433	93	0.01
494	93	0.18
94	449	0.70
94	465	0.20
95	118	0.35
95	185	0.58
249	95	0.89
96	323	0.21
378	96	0.37
97	203	0.44
97	423	0.02
97	453	0.26
98	142	0.63
310	98	0.24
98	447	0.85
99	160	0.24
297	99	0.13
99	357	0.79
100	151	0.85
100	254	0.41
478	100	0.03
101	130	0.11
152	101	0.46
372	101	0.59
102	132	0.27
348	102	0.67
437	102	0.59
103	394	0.26
405	103	0.74
476	103	0.83
210	104	0.80
104	421	0.25
104	471	0.27
211	105	0.71
105	385	0.13
475	105	0.66
106	179	0.13
106	249	0.92
287	106	0.58
229	107	0.54
352	107	0.26
116	108	0.85
163	108	0.94
183	108	0.40
370	109	0.87
109	380	0.38
109	487	0.20
110	358	0.68
110	450	0.48
110	489	0.39
459	111	0.09
176	112	0.71
299	112	0.27
113	129	0.28
113	182	0.49
401	113	0.49
474	114	0.18
480	114	0.14
159	115	0.34
115	347	0.84
402	115	0.70
163	116	0.99
180	116	0.89
183	116	0.22
226	117	0.88
117	305	0.94
117	344	0.38
122	118	0.61
118	185	0.33
119	210	0.06
329	119	0.99
335	119	0.66
120	121	0.14
120	212	0.90
121	212	0.79
431	121	0.61
122	309	0.60
414	123	0.13
123	473	0.63
477	123	0.10
253	124	0.81
259	124	0.53
124	419	0.43
125	173	0.22
125	197	0.18
371	125	0.03
126	269	0.21
281	126	0.58
158	127	0.22
314	127	0.22
127	362	0.11
127	464	0.52
254	128	0.49
153	129	0.49
129	182	0.21
130	372	0.07
375	131	0.43
418	131	0.81
132	348	0.44
132	363	0.63
347	133	0.67
390	133	0.94
133	398	0.89
312	134	0.53
315	134	0.67
334	134	0.41
140	135	0.59
135	242	0.65
135	266	0.56
168	136	0.94
340	136	0.71
450	136	0.97
432	137	0.36
138	179	0.24
138	287	0.67
400	138	0.12
195	139	0.62
139	201	0.22
139	202	0.89
140	242	0.14
140	266	0.49
193	141	0.11
435	141	0.55
141	483	0.06
169	142	0.58
310	142	0.50
142	447	0.18
143	155	0.34
143	269	0.67
143	328	0.34
243	144	0.13
144	275	0.02
494	144	0.30
176	145	0.67
145	181	0.43
231	146	0.70
240	146	0.05
380	146	0.26
147	221	0.67
438	147	0.84
445	147	0.31
148	407	0.83
447	148	0.45
149	342	0.20
149	352	0.07
393	149	0.35
364	150	0.80
150	477	0.66
151	191	0.50
151	254	0.80
303	152	0.47
434	152	0.97
220	153	0.51
153	291	0.40
280	154	0.37
154	318	0.86
154	416	0.50
154	481	0.48
304	155	0.87
328	155	0.10
175	156	0.92
194	156	0.55
398	157	0.55
422	157	0.48
157	457	0.18
319	158	0.23
158	373	0.09
402	159	0.66
455	159	0.99
357	160	0.43
230	161	0.25
161	232	0.58
321	161	0.97
162	231	0.31
162	240	0.99
162	325	0.75
163	183	0.33
164	245	0.77
164	355	0.92
417	164	0.87
165	238	0.46
385	165	0.71
165	475	0.92
166	188	0.52
166	225	0.42
166	460	0.23
167	255	0.88
383	167	0.98
454	167	0.42
168	340	0.48
169	237	0.21
169	264	0.64
260	170	0.28
389	170	0.06
392	170	0.33
171	285	0.37
256	172	0.77
172	330	0.70
173	468	0.65
174	261	0.42
293	174	0.44
316	174	0.32
206	175	0.48
326	175	0.21
176	299	0.35
177	271	0.17
311	177	0.69
351	177	0.02
177	401	0.96
178	199	0.35
178	343	0.56
479	178	0.84
179	249	0.46
400	179	0.52
289	181	0.25
182	277	0.45
184	262	0.83
184	267	0.99
184	395	0.11
188	185	0.67
191	186	0.74
186	277	0.41
186	420	0.63
187	308	0.82
188	225	0.88
189	234	0.10
348	189	0.79
190	339	0.85
190	455	0.15
191	277	0.57
241	192	0.55
192	300	0.01
193	290	0.22
193	435	0.65
194	326	0.49
195	201	0.64
195	202	0.09
195	451	0.27
196	366	0.47
379	196	0.95
198	200	0.56
198	283	0.38
198	441	0.27
199	343	0.59
199	479	0.65
200	283	0.45
412	200	0.73
200	441	0.69
202	201	0.79
215	203	0.53
203	386	0.73
204	292	0.08
204	365	0.08
204	440	0.95
244	205	0.52
205	492	0.23
205	497	0.30
206	326	0.61
207	376	0.48
493	207	0.53
208	289	0.84
344	208	0.45
208	399	0.94
208	443	0.31
209	269	0.95
209	322	0.86
335	210	0.38
238	211	0.65
211	435	0.82
475	211	0.50
212	432	0.47
286	213	0.53
213	453	0.10
486	214	0.11
386	215	0.58
228	216	0.32
235	216	0.01
455	216	0.25
331	217	0.61
217	360	0.93
217	368	0.68
218	294	0.86
218	324	0.44
406	218	0.25
483	218	0.46
219	296	0.39
329	219	0.80
458	219	0.98
220	279	0.61
220	291	0.03
438	221	0.82
442	221	0.45
221	445	0.80
222	408	0.36
223	263	0.66
375	223	0.55
301	224	0.84
224	333	0.22
224	411	0.19
224	487	0.07
225	424	0.36
226	263	0.02
305	226	0.90
227	288	0.29
444	227	0.57
499	227	0.70
228	261	0.10
341	228	0.12
229	278	0.83
229	393	0.63
262	230	0.75
321	230	0.07
231	240	0.52
231	325	0.81
232	245	0.39
248	232	0.55
233	360	0.36
233	387	0.90
259	234	0.72
396	234	0.38
234	436	0.73
235	467	0.61
236	300	0.29
434	236	0.05
452	236	0.23
490	236	0.82
237	264	0.59
237	341	0.91
475	238	0.07
238	486	0.28
241	369	0.93
266	242	0.42
303	242	0.16
320	243	0.29
244	259	0.95
244	419	0.13
246	280	0.52
246	342	0.62
485	247	0.51
247	493	0.75
248	355	0.08
417	248	0.24
315	250	0.26
377	250	0.05
446	250	0.12
251	387	0.90
252	458	0.36
253	259	0.19
253	419	0.49
255	383	0.45
330	256	0.60
327	257	0.49
369	257	0.70
258	337	0.61
258	346	0.93
258	382	0.06
389	260	0.15
392	260	0.50
261	341	0.12
267	262	0.50
265	356	0.66
265	427	0.29
367	268	0.28
422	268	0.66
268	430	0.92
281	269	0.33
270	307	0.30
270	374	0.92
270	491	0.03
271	399	0.65
464	271	0.29
322	272	0.12
336	272	0.97
448	272	0.88
272	484	0.46
439	273	0.85
488	273	0.62
313	274	0.38
274	415	0.75
478	274	0.44
409	275	0.98
494	275	0.51
364	276	0.31
276	383	0.32
276	454	0.69
291	279	0.01
279	404	0.40
342	280	0.90
322	281	0.69
433	282	0.01
484	282	0.07
441	283	0.96
351	284	0.86
284	389	0.26
284	392	0.16
328	285	0.53
313	286	0.28
400	287	0.85
288	444	0.07
290	451	0.45
365	292	0.10
293	308	0.38
316	293	0.51
294	429	0.28
482	295	0.10
296	329	0.16
297	304	0.80
460	297	0.81
298	306	0.18
298	497	0.76
381	299	0.01
452	300	0.15
300	490	0.19
301	333	0.18
301	411	0.42
302	404	0.18
302	420	0.51
434	303	0.43
304	460	0.95
353	307	0.25
307	391	0.01
391	310	0.46
310	447	0.91
351	311	0.85
401	311	0.49
334	312	0.75
415	313	0.52
478	313	0.10
314	362	0.29
468	314	0.63
315	377	0.60
315	446	0.56
385	316	0.08
317	378	0.97
397	317	0.53
437	317	0.90
317	499	0.77
416	318	0.64
318	481	0.91
490	318	0.52
319	373	0.99
319	433	0.04
320	423	0.29
323	418	0.35
324	406	0.25
483	324	0.63
380	325	0.27
327	332	0.44
327	403	0.81
442	327	0.53
331	368	0.36
403	332	0.56
442	332	0.03
333	411	0.26
390	334	0.42
377	335	0.14
336	448	0.59
336	484	0.02
346	337	0.02
382	337	0.49
338	349	0.22
496	338	0.37
456	339	0.17
339	462	0.81
463	339	0.36
343	479	0.37
399	344	0.86
344	464	0.17
345	381	0.89
345	388	0.20
472	345	0.50
346	382	0.05
347	390	0.73
350	409	0.20
425	350	0.92
401	351	0.10
393	352	0.92
353	391	0.83
354	426	0.43
354	428	0.24
355	417	0.06
356	412	0.26
356	466	0.20
358	450	0.64
489	358	0.88
449	359	0.40
465	359	0.77
410	361	0.40
468	362	0.55
413	363	0.83
469	363	0.45
363	470	1.00
364	477	0.63
365	452	0.10
379	366	0.61
422	367	0.33
430	367	0.01
487	370	0.08
371	474	0.57
461	374	0.04
491	374	0.91
418	375	0.73
376	429	0.71
376	493	0.25
446	377	0.49
378	437	0.17
378	499	0.21
388	381	0.48
472	381	0.59
384	404	0.03
384	420	0.88
421	386	0.39
388	472	0.18
394	405	0.78
394	476	0.23
396	436	0.55
431	397	0.18
397	498	0.30
398	457	0.03
443	399	0.57
442	403	0.92
476	405	0.62
406	483	0.28
466	412	0.78
413	469	0.59
470	413	0.19
473	414	0.30
415	478	0.94
416	441	0.61
481	416	0.98
421	471	0.66
422	430	0.33
453	423	0.51
425	496	0.03
428	426	0.40
498	431	0.08
437	499	0.37
445	438	0.99
439	495	0.04
461	440	0.06
464	443	0.61
484	448	0.32
489	450	0.43
452	490	0.71
467	455	0.07
456	462	0.75
456	463	0.76
480	457	0.15
462	463	0.67
463	495	0.40
470	469	0.96
470	485	0.82
474	480	0.47
497	492	0.09
