0	30	0.615968
104	0	0.557069
0	120	0.453523
0	214	0.59431
1	81	0.576472
106	1	0.661658
107	1	0.651447
1	159	0.575611
41	2	0.588963
2	115	0.42221
222	2	0.873762
3	31	0.540743
88	3	0.445976
3	208	0.736974
4	24	0.405294
4	38	0.246841
4	70	0.572938
4	219	0.369396
185	5	0.224568
5	205	0.52069
234	5	0.514045
123	6	0.665826
137	6	0.513054
6	157	0.144472
150	7	0.569568
151	7	0.523706
203	7	0.188711
98	8	0.561604
8	125	0.375411
204	8	0.623063
9	25	0.377523
9	59	0.27393
9	152	0.337199
124	10	0.300525
10	136	0.45675
10	231	0.340056
235	10	0.160953
11	153	0.294948
174	11	0.166261
11	241	0.704068
12	69	0.483016
12	94	0.447248
249	12	0.510149
13	23	0.55506
75	13	0.236684
232	13	0.368094
14	87	0.239958
14	154	0.54786
247	14	0.342019
15	57	0.531169
15	184	0.418066
237	15	0.227036
43	16	0.868247
16	131	0.173633
16	239	0.424482
18	17	0.616924
56	17	0.479587
216	17	0.657984
28	18	0.219522
216	18	0.690612
96	19	0.38348
19	112	0.485495
19	127	0.284443
20	40	0.43985
134	20	0.201984
20	212	0.707812
233	20	0.365077
21	74	0.492471
21	83	0.757693
21	215	0.184957
22	27	0.29955
62	22	0.439275
70	22	0.34587
23	27	0.832135
23	75	0.31948
23	232	0.554601
164	24	0.145582
24	166	0.543146
25	59	0.820931
96	25	0.360153
26	90	0.736422
132	26	0.562662
175	26	0.192836
26	181	0.346451
27	62	0.62435
39	28	0.682581
207	28	0.311055
29	110	0.639976
115	29	0.395287
29	220	0.700604
30	110	0.730314
30	214	0.450178
31	88	0.787786
31	208	0.465629
80	32	0.382976
32	109	0.741287
172	32	0.348822
32	186	0.54822
33	112	0.685046
33	127	0.433668
128	33	0.191567
223	33	0.253704
34	64	0.409211
34	103	0.104151
183	34	0.448167
34	205	0.587029
35	60	0.287386
113	35	0.294796
35	173	0.57377
84	36	0.436138
36	165	0.591298
227	36	0.479473
42	37	0.657091
142	37	0.586502
171	37	0.888367
233	37	0.398943
38	153	0.455669
166	38	0.476072
219	38	0.625799
39	167	0.263853
207	39	0.265243
134	40	0.703132
212	40	0.567996
41	208	0.453823
41	222	0.587005
42	156	0.609431
42	177	0.489926
51	43	0.385298
43	239	0.613479
122	44	0.295994
189	44	0.483411
220	44	0.357447
44	245	0.453352
108	45	0.369025
161	45	0.358124
45	182	0.212655
86	46	0.986434
46	91	0.617266
135	46	0.848115
47	61	0.213211
130	47	0.705025
47	238	0.805148
81	48	0.644877
48	106	0.113862
107	48	0.80683
159	48	0.539518
49	53	0.403799
49	158	0.355148
49	188	0.207745
50	138	0.293615
50	162	0.290735
50	230	0.543741
163	51	0.552529
200	51	0.357858
52	53	0.749319
80	52	0.794176
172	52	0.536478
186	52	0.646748
158	53	0.201424
54	92	0.132433
54	117	0.350326
54	207	0.755131
100	55	0.261527
167	55	0.440004
55	228	0.375943
119	56	0.494867
56	171	0.445591
127	57	0.682931
57	184	0.687592
87	58	0.620474
58	98	0.279002
129	58	0.58995
103	59	0.703662
60	72	0.420538
60	176	0.436055
130	61	0.172214
238	61	0.326274
242	61	0.321862
62	183	0.194314
63	116	0.449032
160	63	0.880923
63	191	0.41908
63	216	0.714018
103	64	0.699182
64	183	0.638328
82	65	0.364351
65	93	0.520355
65	169	0.546125
77	66	0.516737
66	126	0.288477
66	244	0.4787
67	95	0.560279
67	194	0.524214
67	202	0.828355
105	68	0.587382
68	150	0.810053
68	155	0.505406
69	94	0.515733
69	249	0.557757
70	166	0.677469
70	219	0.2148
71	102	0.586864
71	122	0.442932
71	146	0.690738
71	223	0.791245
113	72	0.687303
137	72	0.510633
73	118	0.731796
73	140	0.860191
218	73	0.402843
74	83	0.542462
215	74	0.666905
75	232	0.422212
148	76	0.314157
76	179	0.397924
195	76	0.277526
218	76	0.324729
86	77	0.419902
244	77	0.648937
78	141	0.573926
231	78	0.370128
78	235	0.435178
79	104	0.699778
79	120	0.396738
221	79	0.575296
79	240	0.377884
80	109	0.728941
186	80	0.584599
106	81	0.468824
81	159	0.631691
82	93	0.365989
169	82	0.700584
215	82	0.259452
83	206	0.886352
215	83	0.356308
165	84	0.477856
227	84	0.569346
85	89	0.148078
85	90	0.0944288
132	85	0.552836
85	181	0.458043
91	86	0.338217
98	87	0.437671
192	87	0.305024
88	208	0.149405
132	89	0.403188
89	196	0.122414
210	89	0.56114
210	90	0.467772
91	118	0.802451
92	117	0.714991
92	125	0.606282
169	93	0.399213
190	94	0.569914
94	249	0.437518
95	202	0.476563
95	240	0.509479
112	96	0.437653
96	128	0.463841
99	97	0.510261
97	161	0.480856
97	193	0.858551
97	243	0.67782
129	98	0.424933
99	145	0.53244
174	99	0.746551
167	100	0.678774
100	228	0.704562
101	111	0.586942
192	101	0.823427
201	101	0.766568
124	102	0.183002
102	146	0.702446
102	223	0.545933
103	183	0.355371
105	104	0.590675
104	214	0.848248
114	105	0.688619
155	105	0.471327
107	106	0.564372
108	182	0.723512
224	108	0.633525
109	184	0.399241
115	110	0.547546
220	110	0.643068
129	111	0.301596
111	192	0.508635
111	201	0.590911
112	128	0.838764
113	149	0.280915
176	113	0.34096
114	150	0.724997
151	114	0.800804
114	175	0.547178
115	220	0.173462
116	149	0.495256
116	191	0.404634
209	116	0.379117
117	247	0.431304
118	218	0.670423
171	119	0.717479
119	181	0.425928
120	221	0.568562
121	139	0.531189
156	121	0.702295
121	170	0.247659
189	122	0.977187
245	122	0.66994
123	180	0.438856
211	123	0.218558
136	124	0.966768
124	235	0.440618
204	125	0.444878
204	126	0.525964
244	126	0.122464
127	128	0.675977
130	238	0.233906
160	131	0.56277
131	209	0.796634
210	132	0.748831
133	152	0.716367
133	178	0.48564
226	133	0.675013
172	134	0.239201
212	134	0.601056
152	135	0.468791
178	135	0.347247
226	135	0.695372
231	136	0.695389
137	157	0.489507
138	162	0.599619
138	230	0.664725
139	156	0.150052
139	170	0.161301
190	140	0.546822
199	140	0.398167
217	140	0.559248
141	235	0.540936
141	246	0.579723
177	142	0.215825
206	142	0.425037
233	142	0.566305
144	143	0.439376
143	188	0.338968
224	143	0.331354
237	143	0.689972
224	144	0.329279
237	144	0.650189
174	145	0.830502
145	210	0.566586
146	223	0.612531
168	147	0.667991
147	225	0.430218
147	236	0.642648
179	148	0.611771
195	148	0.486659
148	211	0.517603
149	173	0.604474
149	176	0.417063
198	150	0.316939
151	203	0.615133
226	152	0.599669
153	241	0.472276
240	154	0.297854
247	154	0.561567
175	155	0.276722
155	198	0.665091
156	170	0.293692
157	185	0.985786
180	158	0.610744
160	191	0.77384
193	161	0.18244
243	161	0.435155
230	162	0.616773
163	200	0.486383
163	209	0.701228
166	164	0.588469
219	164	0.320559
165	227	0.388497
167	228	0.335797
236	168	0.718415
237	168	0.700217
170	241	0.45786
173	176	0.59011
198	175	0.370606
206	177	0.680984
178	197	0.68535
226	178	0.47039
195	179	0.405455
196	180	0.285336
211	180	0.390639
182	202	0.808409
185	205	0.503396
234	185	0.624006
188	187	0.633777
213	187	0.378884
242	187	0.828754
188	213	0.0153428
189	245	0.635463
199	190	0.672997
217	190	0.254435
191	209	0.670021
192	201	0.546
193	243	0.717043
194	225	0.681095
246	194	0.88675
211	196	0.645855
197	229	0.466581
248	197	0.670108
217	199	0.740447
199	238	0.458629
200	234	0.408096
203	244	0.844809
205	234	0.849983
233	206	0.593584
213	242	0.586141
248	213	0.351815
240	221	0.844334
222	236	0.203451
246	225	0.599444
239	229	0.363604
248	229	0.665964
