0	37	0.20917
59	0	0.461059
0	97	0.648192
0	140	0.433201
1	65	0.0886373
79	1	0.405389
114	1	0.45154
2	3	0.954208
45	2	0.513864
2	182	0.615747
136	3	0.527605
3	182	0.570105
66	4	0.382077
4	120	0.828166
4	215	0.432224
5	21	0.392479
5	25	0.318027
5	148	0.860274
89	6	0.429208
6	98	0.764798
124	6	0.207668
161	7	0.359341
162	7	0.956952
7	206	0.769612
9	8	0.485575
22	8	0.717025
24	8	0.496317
185	8	0.657175
9	26	0.410903
159	9	0.812837
10	46	0.365969
10	129	0.519897
10	203	0.334931
244	10	0.227822
11	23	0.20406
11	88	0.278291
112	11	0.859097
11	171	0.466355
156	12	0.578251
12	181	0.423734
12	183	0.32567
13	99	0.564336
130	13	0.125001
13	148	0.496967
46	14	0.332867
85	14	0.987615
14	93	0.640734
14	165	0.731709
155	15	0.501837
15	170	0.656848
15	186	0.899581
67	16	0.35087
80	16	0.435034
16	192	0.46588
17	78	0.617852
149	17	0.541945
187	17	0.66224
51	18	0.405018
63	18	0.493105
104	18	0.271891
39	19	0.74767
19	177	0.538631
19	204	0.50887
19	225	0.326365
72	20	0.72614
20	101	0.693758
193	20	0.428902
21	148	0.638597
21	247	0.344837
22	24	0.521432
22	185	0.64492
61	23	0.679016
88	23	0.253098
23	112	0.730937
24	80	0.308293
24	185	0.250311
36	25	0.472859
25	175	0.484186
25	235	0.139867
153	26	0.532424
26	159	0.534915
28	27	0.925931
128	27	0.500127
27	249	0.319909
28	128	0.582545
249	28	0.693111
86	29	0.877253
29	121	0.493846
218	29	0.195366
30	49	0.656917
30	108	0.476576
30	205	0.63013
31	100	0.689483
31	133	0.34331
160	31	0.338372
31	166	0.540795
151	32	0.709434
32	228	0.314579
32	237	0.262407
32	245	0.735838
55	33	0.219339
134	33	0.382607
33	172	0.776125
33	173	0.428414
48	34	0.319829
34	58	0.123123
34	91	0.017151
52	35	0.58843
35	152	0.620806
154	35	0.659528
35	219	0.647616
38	36	0.556051
175	36	0.589856
235	36	0.292284
58	37	0.921264
59	37	0.546723
38	144	0.664202
210	38	0.593454
77	39	0.142516
39	177	0.53555
204	39	0.341312
125	40	0.372064
131	40	0.282062
40	239	0.894036
41	60	0.390402
41	135	0.733393
41	195	0.562604
246	41	0.571682
42	115	0.694411
213	42	0.463969
214	42	0.534748
95	43	0.494039
43	167	0.309099
228	43	0.681295
139	44	0.555143
44	183	0.565327
196	44	0.38247
44	233	0.272537
118	45	0.73798
45	239	0.62442
129	46	0.425127
46	203	0.344608
59	47	0.463598
47	199	0.538111
248	47	0.529412
58	48	0.832537
48	240	0.32364
49	108	0.489695
49	205	0.553924
49	209	0.645579
50	56	0.404016
50	97	0.77408
207	50	0.534845
153	51	0.253199
51	209	0.543807
163	52	0.469204
219	52	0.194389
230	52	0.271426
57	53	0.49854
53	111	0.580414
53	136	0.477754
54	119	0.571816
160	54	0.356733
240	54	0.591427
55	134	0.585289
172	55	0.5903
55	173	0.310902
207	56	0.241207
56	234	0.827544
111	57	0.0490134
57	136	0.184791
97	59	0.214399
135	60	0.981921
60	138	0.420926
60	246	0.35724
92	61	0.406782
112	61	0.727847
171	61	0.693798
62	109	0.902318
62	110	0.543293
174	62	0.407508
63	75	0.579774
63	104	0.309946
145	64	0.668955
64	226	0.385927
247	64	0.650136
65	79	0.565699
65	99	0.0697589
114	65	0.473957
66	120	0.640181
66	248	0.771231
67	80	0.895557
67	192	0.790777
68	96	0.482632
234	68	0.57716
68	241	0.33719
69	76	0.464548
69	83	0.572374
69	206	0.584894
69	224	0.366771
70	132	0.252504
70	217	0.399632
70	223	0.156229
70	242	0.535195
71	140	0.574972
188	71	0.27089
220	71	0.583929
72	190	0.393863
72	221	0.280213
232	72	0.276193
73	179	0.500849
200	73	0.6593
73	216	0.643408
75	74	0.419413
74	116	0.366632
137	74	0.664269
116	75	0.469133
83	76	0.620884
131	76	0.59154
76	224	0.319169
141	77	0.495036
77	143	0.231607
78	119	0.776057
78	149	0.289553
187	78	0.408775
79	114	0.452259
79	157	0.358101
192	80	0.737147
101	81	0.757412
81	191	0.565567
81	243	0.550954
180	82	0.422441
210	82	0.35551
82	227	0.387423
236	82	0.0809159
224	83	0.529562
93	84	0.520634
84	135	0.591871
84	195	0.250266
246	84	0.455879
85	93	0.701453
165	85	0.688317
121	86	0.230631
218	86	0.383237
87	103	0.699084
144	87	0.835825
87	164	0.299302
92	88	0.698802
98	89	0.411752
89	124	0.19163
90	105	0.757305
90	113	0.689158
215	90	0.515882
122	91	0.835289
91	222	0.812352
92	171	0.509849
93	165	0.381099
165	94	0.721905
94	184	0.407133
231	94	0.453089
95	106	0.565191
95	228	0.42134
96	118	0.439222
234	96	0.614223
96	241	0.584358
124	98	0.32325
207	98	0.454758
99	130	0.604587
100	133	0.518337
166	100	0.282101
185	100	0.321641
193	101	0.326569
102	138	0.532958
102	158	0.448251
102	232	0.828575
164	103	0.213718
103	197	0.548415
150	104	0.641082
113	105	0.602065
215	105	0.216311
106	125	0.52113
131	106	0.427333
106	222	0.377026
109	107	0.558196
137	107	0.816647
146	107	0.3311
107	202	0.738146
108	205	0.625137
109	110	0.520867
109	174	0.652252
174	110	0.576254
111	136	0.462289
161	111	0.522251
113	116	0.141808
113	215	0.516542
114	201	0.456295
115	213	0.612796
214	115	0.341652
117	196	0.24454
117	197	0.420695
208	117	0.582628
117	244	0.448259
118	239	0.539034
119	160	0.221471
240	119	0.486789
120	139	0.707268
218	121	0.725505
178	122	0.378989
122	222	0.452071
147	123	0.659439
211	123	0.545438
123	245	0.20892
211	124	0.715244
131	125	0.271127
198	125	0.55855
126	142	0.776429
126	145	0.258172
225	126	0.550571
127	132	0.478876
217	127	0.291483
127	242	0.502883
128	197	0.472812
249	128	0.430121
203	129	0.642892
168	130	0.862137
217	132	0.742422
223	132	0.571879
166	133	0.558791
172	134	0.498065
135	195	0.0310145
137	146	0.585363
137	202	0.50932
138	158	0.481913
139	196	0.283592
233	139	0.762544
188	140	0.543873
220	140	0.461314
141	143	0.635149
141	193	0.722432
189	142	0.303827
225	142	0.176619
200	143	0.182444
210	144	0.306349
145	226	0.512982
247	145	0.439717
202	146	0.484357
155	147	0.553306
211	147	0.0599472
187	149	0.39788
150	178	0.439612
150	179	0.655347
237	151	0.516377
151	245	0.349905
151	249	0.466895
154	152	0.602757
163	152	0.283128
152	230	0.297132
153	209	0.536905
154	163	0.577109
170	155	0.529852
155	186	0.75916
181	156	0.321001
156	183	0.141395
167	157	0.443926
229	157	0.745446
213	158	0.617223
159	204	0.610469
160	240	0.354546
161	206	0.596681
176	162	0.413776
162	198	0.430931
233	164	0.432309
229	167	0.318784
189	168	0.470353
168	194	0.2861
168	201	0.567001
205	169	0.494403
212	169	0.402183
169	238	0.539
170	186	0.648952
173	172	0.374742
231	173	0.708949
175	235	0.431673
176	198	0.569352
199	176	0.413998
191	177	0.612548
177	204	0.42961
179	178	0.263724
227	180	0.569834
236	180	0.456626
183	181	0.317985
182	238	0.564176
184	231	0.837759
243	184	0.329095
241	186	0.255747
208	188	0.475594
220	188	0.284833
189	194	0.805221
189	201	0.377631
221	190	0.531127
232	190	0.58893
191	243	0.846161
194	201	0.611935
195	246	0.713683
197	208	0.243344
248	199	0.617519
216	200	0.678859
202	212	0.623201
244	208	0.410739
238	212	0.32708
213	214	0.531451
216	229	0.492743
217	242	0.695168
219	230	0.365264
232	221	0.449153
223	242	0.556464
247	226	0.35407
236	227	0.436805
234	241	0.193419
245	237	0.563193
