0	60	0.605353
145	0	0.677146
0	152	0.151739
0	171	0.773366
1	28	0.753322
110	1	0.627144
241	1	0.0237072
2	14	0.339163
78	2	0.391463
2	159	0.486422
40	3	0.437025
3	107	0.667336
144	3	0.52442
4	23	0.624325
4	102	0.45993
4	205	0.349086
5	43	0.791213
5	109	0.412593
119	5	0.213053
5	174	0.23391
8	6	0.486818
52	6	0.295513
86	6	0.353946
7	10	0.600042
21	7	0.128389
199	7	0.534503
86	8	0.68313
223	8	0.533054
9	112	0.408509
150	9	0.0545893
9	182	0.708323
9	226	0.361408
10	21	0.139831
170	10	0.599192
10	199	0.491871
11	36	0.355942
127	11	0.563191
11	181	0.551471
51	12	0.162443
12	56	0.800566
12	185	0.144433
12	239	0.547677
82	13	0.575563
13	100	0.28955
211	13	0.481792
37	14	0.571555
14	159	0.743061
15	162	0.437376
236	15	0.879376
15	249	0.2816
16	41	0.0144226
179	16	0.681753
215	16	0.537064
17	152	0.405449
17	216	0.584206
240	17	0.611053
47	18	0.480027
54	18	0.938977
147	18	0.506317
166	18	0.503155
27	19	0.323168
19	143	0.69303
19	147	0.169809
20	49	0.6024
72	20	0.419253
20	75	0.563791
198	20	0.300753
21	199	0.432467
21	211	0.621475
22	95	0.454195
22	101	0.729996
163	22	0.434774
164	22	0.473782
23	102	0.149618
23	205	0.690515
24	26	0.633925
88	24	0.408948
24	103	0.589875
25	45	0.448004
137	25	0.531335
25	224	0.611799
59	26	0.625019
88	26	0.566868
27	143	0.620807
27	147	0.0664706
227	27	0.745478
110	28	0.611972
28	195	0.612719
104	29	0.551417
29	195	0.847924
29	238	0.944534
30	63	0.625221
30	141	0.76972
30	217	0.534754
74	31	0.706049
31	99	0.490034
105	31	0.487563
32	125	0.450842
32	128	0.35027
32	157	0.362052
242	32	0.291205
59	33	0.335418
33	118	0.959883
33	151	0.711474
175	34	0.693382
34	176	0.485669
34	187	0.476177
97	35	0.785159
35	155	0.800978
192	35	0.534017
36	111	0.652067
229	36	0.511142
83	37	0.424378
160	37	0.290129
189	37	0.395522
39	38	0.34099
38	42	0.662824
170	38	0.295398
130	39	0.120551
39	170	0.841441
144	40	0.598511
159	40	0.380389
71	41	0.413874
41	215	0.404876
42	149	0.247006
42	212	0.506234
43	109	0.30834
119	43	0.452153
43	142	0.520178
51	44	0.772604
185	44	0.291151
239	44	0.36176
45	163	0.587276
224	45	0.357447
97	46	0.74946
46	136	0.620682
177	46	0.854128
46	231	0.319101
54	47	0.504569
47	166	0.672531
80	48	0.476718
48	103	0.715597
156	48	0.487268
49	72	0.571986
113	49	0.395315
92	50	0.247673
50	208	0.650641
50	221	0.303475
50	243	0.256556
51	56	0.402262
52	132	0.902203
52	183	0.541146
219	52	0.383161
76	53	0.358464
53	154	0.389879
247	53	0.239241
166	54	0.69368
61	55	0.479257
169	55	0.462252
55	200	0.206265
55	233	0.408481
56	230	0.550343
239	56	0.71403
68	57	0.635806
57	168	0.480152
194	57	0.774247
58	157	0.763368
242	58	0.317827
58	248	0.244779
118	59	0.639643
59	151	0.913433
93	60	0.367138
145	60	0.452001
60	244	0.280708
61	114	0.310178
135	61	0.556685
77	62	0.635585
114	62	0.465782
62	184	0.772364
63	141	0.68443
144	63	0.225078
64	90	0.474212
64	124	0.68102
248	64	0.355685
65	67	0.458946
123	65	0.347654
65	222	0.384997
66	122	0.350166
188	66	0.166701
66	237	0.571611
67	123	0.702211
67	213	0.619726
68	104	0.232548
68	168	0.606464
194	68	0.588748
69	79	0.509399
69	139	0.204245
69	235	0.590518
70	136	0.420485
70	178	0.399037
70	207	0.208804
70	212	0.38862
71	77	0.579682
71	96	0.63395
71	106	0.543663
140	72	0.238045
148	73	0.435144
73	161	0.680657
73	167	0.66984
83	74	0.579097
74	99	0.427862
85	75	0.384944
75	113	0.464517
140	75	0.722278
76	154	0.730952
247	76	0.112478
96	77	0.53407
106	77	0.51467
121	78	0.515871
78	220	0.360675
221	78	0.547305
79	139	0.346822
79	156	0.78183
79	235	0.696154
103	80	0.67695
80	156	0.484715
81	116	0.353949
158	81	0.462292
186	81	0.437879
81	243	0.642341
82	211	0.501593
232	82	0.341631
160	83	0.305594
83	189	0.273756
123	84	0.545488
148	84	0.66081
165	84	0.593125
85	91	0.720327
85	202	0.297201
191	86	0.183199
87	121	0.565353
127	87	0.187029
220	87	0.802373
149	88	0.443811
89	90	0.281131
137	89	0.536855
89	179	0.161198
137	90	0.672144
181	91	0.367236
91	202	0.24134
92	133	0.56989
92	232	0.41228
124	93	0.623018
145	93	0.636404
93	244	0.394725
94	131	0.38571
94	172	0.954063
191	94	0.229453
95	101	0.372653
164	95	0.274365
96	106	0.374147
97	177	0.52004
97	231	0.317152
143	98	0.554789
98	153	0.461932
173	98	0.384092
228	98	0.436925
99	249	0.479447
100	133	0.512761
211	100	0.456224
164	101	0.491808
120	102	0.217302
102	205	0.581127
103	156	0.600077
104	238	0.536044
138	105	0.464391
105	193	0.498353
241	105	0.25266
203	107	0.265163
218	107	0.324358
108	115	0.577221
141	108	0.173245
108	180	0.391858
190	108	0.596808
142	109	0.676387
209	109	0.786321
110	132	0.49007
111	224	0.745299
111	229	0.332381
112	150	0.275853
182	112	0.343252
112	184	0.797881
140	113	0.35305
113	198	0.786604
114	128	0.514754
114	184	0.586669
115	180	0.213418
190	115	0.286312
116	158	0.481798
116	186	0.371097
206	117	0.349108
117	214	0.49408
117	217	0.809479
118	151	0.241782
174	119	0.662805
119	209	0.559292
171	120	0.296258
227	120	0.703458
121	220	0.337901
167	122	0.392396
188	122	0.712092
122	237	0.318447
248	124	0.13333
157	125	0.701295
242	125	0.556315
126	225	0.560246
126	245	0.486014
246	126	0.27606
127	181	0.452191
184	128	0.297957
128	230	0.749613
129	130	0.43064
210	129	0.456138
234	129	0.42585
210	130	0.856444
234	130	0.493815
172	131	0.483496
191	131	0.346758
202	131	0.752503
132	196	0.638103
132	219	0.898415
133	232	0.490217
134	187	0.49802
134	197	0.412526
222	134	0.698401
169	135	0.369536
201	135	0.358785
135	233	0.433507
136	178	0.468819
207	136	0.159764
150	138	0.307153
193	138	0.454564
235	139	0.629249
140	198	0.402531
174	142	0.487931
209	142	0.304919
147	143	0.843373
152	145	0.635102
204	146	0.49526
146	225	0.991022
146	226	0.446425
165	148	0.501986
148	213	0.309227
149	212	0.448498
203	151	0.325184
244	152	0.611524
153	160	0.356084
153	173	0.486827
153	228	0.462077
240	154	0.653376
154	247	0.268893
192	155	0.816877
155	215	0.114525
242	157	0.0607743
186	158	0.845236
167	161	0.668885
161	204	0.371385
162	197	0.392519
162	236	0.430632
249	162	0.350506
163	224	0.453523
213	165	0.67349
214	165	0.349829
218	166	0.91864
168	194	0.210888
169	200	0.7276
201	169	0.247662
227	171	0.332
172	189	0.295294
172	191	0.836584
228	173	0.0484275
209	174	0.572859
175	176	0.594682
175	187	0.795039
216	175	0.192978
187	176	0.780237
177	231	0.523593
207	178	0.498448
215	179	0.755217
190	180	0.615305
213	182	0.590979
183	196	0.228472
183	219	0.45752
223	183	0.377683
230	185	0.365017
237	188	0.272772
233	192	0.395909
193	241	0.364946
195	238	0.437793
223	196	0.166725
222	197	0.730191
200	229	0.740293
201	233	0.318998
203	218	0.460292
204	225	0.532087
226	204	0.716637
214	206	0.905706
206	217	0.465919
221	208	0.299703
243	208	0.57645
210	234	0.454834
214	217	0.476919
216	240	0.386893
220	234	0.491437
243	221	0.889061
225	226	0.777428
245	228	0.504925
246	231	0.385205
236	249	0.318728
246	245	0.45297
