0	33	0.235378
49	0	0.5509
0	123	0.459524
0	196	0.864995
1	3	0.936776
45	1	0.670658
46	1	0.377976
1	83	0.466427
116	2	0.187469
2	148	0.495911
218	2	0.505969
3	45	0.544873
131	3	0.544191
4	59	0.356203
4	62	0.445352
4	140	0.191961
4	180	0.680122
5	9	0.601566
45	5	0.370306
5	46	0.674416
149	6	0.491514
230	6	0.617923
234	6	0.55458
7	86	0.485106
94	7	0.205999
100	7	0.288256
81	8	0.434974
101	8	0.224703
8	206	0.436744
46	9	0.277709
9	125	0.395284
10	57	0.933546
10	121	0.341958
221	10	0.311527
10	244	0.685807
11	12	0.415551
61	11	0.613868
11	72	0.498428
61	12	0.224697
12	170	0.603394
12	213	0.462591
13	49	0.52355
83	13	0.43516
13	93	0.519578
66	14	0.4215
67	14	0.336471
14	248	0.544273
15	186	0.162785
212	15	0.41008
15	215	0.356963
16	156	0.301198
175	16	0.610339
182	16	0.507622
17	128	0.519805
17	179	0.438849
192	17	0.319296
228	17	0.526798
60	18	0.865389
139	18	0.479907
201	18	0.300863
32	19	0.904569
19	96	0.511711
19	168	0.734715
20	40	0.597781
103	20	0.221402
20	142	0.375818
30	21	0.424039
21	34	0.46641
21	222	0.45094
22	23	0.560024
22	75	0.873218
205	22	0.624119
224	22	0.480573
23	63	0.447436
23	138	0.549861
24	77	0.528751
90	24	0.71673
24	114	0.517032
25	74	0.249278
153	25	0.552535
25	174	0.543722
198	25	0.496964
78	26	0.0600064
26	115	0.3556
26	117	0.315459
177	26	0.391956
68	27	0.60583
27	166	0.382852
219	27	0.749979
28	76	0.619079
28	136	0.375716
28	235	0.637911
28	247	0.826904
29	57	0.201092
89	29	0.587824
29	111	0.294364
217	29	0.381874
30	37	0.394958
30	236	0.294386
31	48	0.640636
74	31	0.553658
78	31	0.633148
31	198	0.518814
32	96	0.727895
168	32	0.191374
33	107	0.373932
33	123	0.254998
196	33	0.369496
34	71	0.533553
222	34	0.33968
35	69	0.861083
152	35	0.850638
197	35	0.200109
130	36	0.648463
133	36	0.623209
237	36	0.676598
37	79	0.547202
236	37	0.315795
127	38	0.684075
38	136	0.834282
210	38	0.327867
243	38	0.366835
206	39	0.0408682
39	216	0.715343
39	220	0.471245
40	115	0.847949
40	158	0.63701
159	40	0.397432
41	110	0.521327
120	41	0.427736
165	41	0.0431876
118	42	0.22267
42	131	0.543024
149	42	0.999611
58	43	0.588572
43	70	0.329745
151	43	0.68933
43	211	0.091205
88	44	0.413704
44	157	0.37297
203	44	0.570113
45	46	0.406841
92	47	0.697571
47	104	0.464261
137	47	0.640942
244	47	0.450085
48	153	0.683588
48	217	0.818806
49	92	0.905799
49	191	0.466988
50	112	0.820459
50	148	0.26436
218	50	0.813319
115	51	0.646454
51	142	0.653955
158	51	0.514345
159	51	0.381493
58	52	0.514432
79	52	0.0451672
52	154	0.446595
53	58	0.832701
53	127	0.651
151	53	0.6248
211	53	0.612062
54	104	0.440972
137	54	0.425911
54	204	0.0912544
61	55	0.423727
55	110	0.735661
170	55	0.403635
56	199	0.538278
205	56	0.503834
209	56	0.694818
57	98	0.548306
57	221	0.467365
151	58	0.270899
62	59	0.381828
94	59	0.188786
59	180	0.513711
60	109	0.270749
139	60	0.220358
61	72	0.454919
62	178	0.11849
180	62	0.629175
63	75	0.313531
138	63	0.452475
64	183	0.503023
64	197	0.557168
249	64	0.814475
65	154	0.533745
65	214	0.710605
65	235	0.633885
66	67	0.562207
66	248	0.351752
184	67	0.926714
67	248	0.361052
68	73	0.601638
68	145	0.405967
68	171	0.0532459
69	109	0.362123
69	129	0.407872
70	211	0.413261
70	246	0.500327
71	125	0.308515
71	143	0.759229
118	72	0.479105
170	72	0.784182
73	145	0.852043
73	164	0.623584
233	73	0.507619
74	174	0.522154
198	74	0.574607
75	138	0.512125
205	75	0.0481988
76	136	0.383396
181	76	0.68638
247	76	0.248419
114	77	0.850938
162	77	0.615891
77	231	0.689731
177	78	0.376731
79	154	0.635701
80	117	0.617028
80	122	0.53382
177	80	0.499673
81	101	0.453456
81	234	0.280584
85	82	0.588186
147	82	0.40097
82	202	0.560272
83	92	0.52353
95	84	0.429754
141	84	0.520313
84	199	0.862993
240	84	0.322854
147	85	0.319775
228	85	0.714486
86	106	0.484548
86	231	0.541974
132	87	0.44201
87	146	0.524449
227	87	0.51352
157	88	0.560329
173	88	0.418805
88	203	0.310232
91	89	0.140617
89	111	0.57811
181	89	0.133868
114	90	0.668483
90	143	0.675402
91	214	0.431645
91	235	0.572769
135	93	0.762258
241	93	0.612539
94	100	0.573105
95	216	0.340974
95	240	0.56391
168	96	0.310698
97	99	0.660353
102	97	0.382675
97	128	0.766609
98	100	0.058324
98	134	0.786725
173	98	0.767758
99	189	0.489236
193	99	0.877604
223	99	0.130347
101	134	0.256884
102	128	0.593238
179	102	0.485509
184	103	0.274348
229	103	0.220861
104	122	0.705297
104	204	0.284209
105	163	0.417409
178	105	0.325539
105	246	0.437474
231	106	0.0824919
241	106	0.338297
140	107	0.618207
107	144	0.471112
187	107	0.432142
108	113	0.341877
146	108	0.450424
227	108	0.0652563
129	109	0.501882
110	120	0.523183
110	165	0.597565
111	181	0.609872
111	217	0.320644
195	112	0.655675
112	239	0.520761
146	113	0.412127
113	227	0.366851
113	236	0.497477
114	135	0.221662
115	142	0.501691
195	116	0.169491
116	218	0.619548
117	122	0.540742
177	117	0.486273
118	170	0.744379
119	155	0.620071
119	185	0.599244
239	119	0.580885
120	165	0.329316
245	120	0.982725
215	121	0.466124
121	221	0.466952
196	123	0.848396
162	124	0.460757
124	167	0.666363
190	124	0.495778
143	125	0.74447
160	126	0.54163
126	169	0.528771
126	207	0.494532
210	127	0.54249
127	219	0.311007
163	129	0.64244
130	133	0.351503
130	237	0.421653
149	131	0.333275
211	132	0.654733
227	132	0.354459
237	133	0.598405
173	134	0.681212
242	134	0.588611
241	135	0.458024
137	244	0.468215
139	201	0.219065
140	144	0.621748
140	187	0.304906
141	232	0.824338
240	141	0.574311
159	142	0.472641
187	144	0.68789
145	172	0.430258
145	233	0.544734
202	147	0.41596
165	148	0.522299
176	150	0.113803
238	150	0.752175
150	242	0.480638
232	151	0.788625
197	152	0.55211
200	152	0.0902568
240	152	0.542296
174	153	0.633381
155	185	0.152791
155	239	0.280691
175	156	0.57905
156	182	0.522478
157	203	0.152323
159	158	0.487797
169	160	0.419
160	207	0.585327
161	194	0.32281
161	208	0.475016
209	161	0.705503
162	167	0.660069
190	162	0.102404
163	178	0.43748
172	164	0.574365
225	164	0.497288
233	164	0.530587
166	175	0.281191
166	219	0.157736
167	190	0.341028
201	167	0.133011
168	209	0.30605
207	169	0.525988
172	171	0.382511
183	171	0.287253
172	233	0.218236
173	242	0.392846
198	174	0.223842
182	175	0.469191
176	232	0.563521
176	238	0.950402
246	178	0.216952
192	179	0.237225
179	228	0.160955
180	230	0.822351
217	181	0.643999
194	182	0.58409
183	249	0.65082
229	184	0.577885
239	185	0.513058
212	186	0.720446
215	186	0.767133
188	220	0.637503
188	225	0.424343
226	188	0.780807
193	189	0.425816
223	189	0.52761
222	190	0.306731
191	213	0.317971
191	245	0.371911
228	192	0.376281
223	193	0.596731
194	199	0.148371
194	210	0.405559
195	218	0.799371
197	200	0.386695
208	199	0.637904
208	200	0.350779
202	204	0.420146
244	204	0.607994
224	205	0.581865
206	216	0.639712
208	209	0.429346
210	243	0.686968
212	215	0.701917
245	213	0.104132
214	224	0.160013
235	214	0.375579
225	220	0.720569
220	226	0.337747
226	225	0.621737
249	229	0.268295
234	230	0.651244
232	238	0.0895987
247	243	0.353798
