0	82	0.61087
94	0	0.733448
0	173	0.752255
0	232	0.498903
1	14	0.825092
118	1	0.261527
169	1	0.290305
1	235	0.425899
140	2	0.637155
2	149	0.744416
150	2	0.268006
2	243	0.348771
113	3	0.289389
3	183	0.379147
3	244	0.137421
4	126	0.0702975
4	158	0.599831
4	210	0.526981
52	5	0.796908
5	61	0.55811
221	5	0.657571
7	6	0.7578
80	6	0.63103
6	90	0.455148
132	6	0.245243
90	7	0.569422
132	7	0.460957
93	8	0.349015
8	175	0.455732
225	8	0.554087
9	149	0.516165
9	196	0.915332
9	232	0.47808
48	10	0.0441439
10	119	0.149744
10	120	0.463549
42	11	0.74297
11	57	0.236919
151	11	0.113404
11	226	0.626463
12	83	0.709105
12	138	0.678108
148	12	0.438092
13	55	0.779505
79	13	0.309467
236	13	0.509224
14	170	0.402292
14	227	0.375609
18	15	0.622868
15	130	0.616543
15	172	0.0889279
36	16	0.598517
68	16	0.541875
16	112	0.449222
16	151	0.663842
63	17	0.6709
187	17	0.189434
218	17	0.370312
85	18	0.740327
213	18	0.159836
28	19	0.0308279
19	186	0.360583
19	201	0.712193
19	211	0.544968
47	20	0.396786
20	95	0.496351
143	20	0.579485
20	207	0.504898
21	51	0.473528
21	152	0.289301
21	205	0.388466
106	22	0.308278
139	22	0.707966
22	144	0.556976
22	228	0.412118
23	85	0.377581
141	23	0.549652
23	162	0.452156
24	53	0.294978
98	24	0.560431
24	181	0.573911
46	25	0.185212
62	25	0.450603
25	173	0.188946
26	80	0.848887
101	26	0.393825
176	26	0.347727
26	220	0.383232
56	27	0.41357
27	185	0.260878
27	214	0.415337
28	125	0.911185
28	186	0.608273
29	41	0.292797
134	29	0.757311
29	164	0.307456
193	29	0.511956
30	45	0.786074
30	73	0.52866
30	202	0.476477
71	31	0.910477
167	31	0.617089
31	182	0.542182
31	208	0.251308
34	32	0.531673
32	135	0.969038
32	194	0.517818
124	33	0.405988
33	212	0.59164
219	33	0.534377
33	247	0.531456
184	34	0.524205
240	34	0.376975
37	35	0.842144
117	35	0.726424
156	35	0.282047
35	235	0.637061
39	36	0.585174
68	36	0.315631
36	77	0.439228
114	37	0.164237
156	37	0.608767
84	38	0.54591
38	189	0.546234
38	191	0.371751
39	77	0.625642
39	151	0.156701
87	40	0.606469
40	146	0.684319
155	40	0.166984
180	40	0.432583
48	41	0.497256
41	134	0.173061
245	41	0.463489
57	42	0.139592
42	226	0.640478
63	43	0.559114
43	157	0.551936
221	43	0.422752
44	97	0.381538
108	44	0.191113
44	234	0.300576
108	45	0.861013
45	233	0.682233
62	46	0.494358
126	46	0.268324
47	54	0.452554
47	143	0.587281
48	193	0.675736
48	245	0.265168
49	125	0.671803
49	166	0.493413
235	49	0.378813
74	50	0.635304
50	102	0.622302
115	50	0.471994
152	51	0.314111
205	51	0.228229
206	52	0.622172
52	221	0.720216
53	98	0.693866
53	181	0.66689
192	53	0.461657
66	54	0.497905
54	143	0.748728
56	55	0.257383
55	236	0.155613
139	56	0.263709
56	185	0.216704
226	57	0.492015
58	59	0.441528
72	58	0.484123
183	58	0.477439
58	195	0.507133
59	72	0.63397
106	59	0.590277
195	59	0.0938007
73	60	0.551346
60	154	0.622586
60	247	0.421522
171	61	0.680535
61	249	0.764015
62	239	0.452472
157	63	0.496998
64	76	0.390964
107	64	0.512757
64	111	0.389317
65	79	0.486456
162	65	0.433361
65	200	0.581962
66	88	0.693366
66	223	0.484562
67	199	0.780024
67	204	0.560857
207	67	0.591877
68	77	0.485784
68	144	0.767464
69	136	0.202394
69	154	0.325123
69	182	0.797543
69	215	0.57209
70	109	0.397288
70	118	0.598272
70	238	0.620743
71	167	0.619426
215	71	0.92463
230	71	0.311409
72	84	0.544939
72	195	0.381714
202	73	0.633677
74	102	0.325838
115	74	0.809376
75	161	0.804987
171	75	0.572934
75	241	0.599964
107	76	0.400526
111	76	0.671008
239	76	0.576773
104	78	0.364973
78	163	0.633791
216	78	0.320499
79	200	0.408085
80	101	0.200752
80	103	0.79043
163	81	0.518929
81	216	0.317357
81	231	0.585921
242	81	0.532661
94	82	0.326053
82	173	0.44934
82	246	0.517494
98	83	0.701991
138	83	0.498031
83	148	0.694091
189	84	0.486563
130	85	0.429299
213	85	0.696114
86	124	0.514742
86	133	0.394988
220	86	0.499649
87	170	0.588976
199	87	0.333795
99	88	0.422692
223	88	0.579671
89	122	0.367155
131	89	0.689247
89	190	0.181662
132	90	0.475203
96	91	0.525414
91	112	0.1108
91	128	0.937255
91	208	0.442637
121	92	0.408645
161	92	0.000328006
92	177	0.315826
93	175	0.365065
93	225	0.485788
105	94	0.770805
94	246	0.401727
127	95	0.364419
95	203	0.699045
96	112	0.908315
96	208	0.231141
214	96	0.524865
97	184	0.860738
234	97	0.444765
181	98	0.650258
99	147	0.126025
99	206	0.52612
121	100	0.412929
178	100	0.218222
248	100	0.361161
101	191	0.350038
102	115	0.355125
102	123	0.510441
176	103	0.527147
103	191	0.663786
136	104	0.713141
216	104	0.610852
242	104	0.231443
105	173	0.586434
232	105	0.54673
106	197	0.553341
198	106	0.476093
239	107	0.511824
233	108	0.280024
109	118	0.521493
109	190	0.800532
109	238	0.615003
110	128	0.592016
197	110	0.476052
110	230	0.2956
239	111	0.604912
112	208	0.821818
113	114	0.525857
113	244	0.718117
114	117	0.657809
156	114	0.378275
115	150	0.922155
116	137	0.734537
165	116	0.871615
116	174	0.543853
117	156	0.448704
117	187	0.580547
238	118	0.233179
119	120	0.119986
165	119	0.614742
143	120	0.829559
121	177	0.657374
142	122	0.468503
190	122	0.159097
123	168	0.405099
179	123	0.948235
229	123	0.57285
212	124	0.591954
124	220	0.58423
125	201	0.437819
158	126	0.886922
126	210	0.629115
203	127	0.200696
127	233	0.538176
128	230	0.457185
174	129	0.571961
192	129	0.443576
224	129	0.187072
172	130	0.276821
213	130	0.747427
137	131	0.0705565
165	131	0.538205
133	212	0.826802
133	219	0.520419
134	160	0.83365
135	194	0.417738
135	236	0.438676
215	136	0.161259
240	136	0.535475
165	137	0.232192
138	148	0.750763
139	144	0.650839
150	140	0.461644
243	140	0.228117
145	141	0.463545
162	141	0.528995
142	161	0.204832
241	142	0.551888
248	142	0.37001
228	144	0.708295
153	145	0.67602
222	145	0.412267
146	155	0.65512
146	180	0.607541
206	147	0.326108
147	213	0.567803
149	196	0.745833
243	150	0.414839
222	151	0.662887
152	205	0.582246
153	222	0.65348
153	227	0.45049
247	154	0.45606
155	158	0.813934
180	155	0.273742
157	202	0.549451
210	158	0.524855
188	159	0.258987
189	159	0.643788
159	217	0.513205
159	237	0.916054
160	193	0.357839
245	160	0.207446
161	241	0.528724
231	163	0.387579
186	164	0.444181
229	164	0.37899
166	169	0.552198
166	227	0.200529
235	166	0.27304
182	167	0.354519
168	179	0.477202
168	229	0.841762
215	169	0.551566
227	169	0.648169
170	199	0.44855
171	249	0.606114
209	172	0.793794
192	174	0.747791
174	224	0.242173
225	175	0.470944
209	176	0.532727
194	177	0.145122
219	178	0.628901
178	248	0.244761
179	229	0.142573
204	180	0.57061
244	183	0.656547
240	184	0.5095
214	185	0.414226
185	249	0.536693
186	211	0.811612
218	187	0.654163
217	188	0.65695
188	237	0.375677
191	209	0.175216
192	224	0.62556
196	241	0.491671
198	197	0.236174
228	197	0.810742
198	226	0.712844
228	198	0.620911
218	200	0.493078
201	211	0.666563
203	234	0.296671
204	207	0.528516
216	242	0.572543
237	217	0.608537
219	220	0.5809
225	223	0.163266
242	231	0.671524
232	246	0.748573
