0	58	0.330895
77	0	0.220137
0	195	0.596628
0	247	0.601299
1	56	0.620779
180	1	0.600714
220	1	0.56134
1	244	0.541605
29	2	0.580693
2	120	0.385243
123	2	0.629328
3	21	0.753587
200	3	0.495841
3	206	0.678932
4	26	0.483153
4	46	0.540181
4	193	0.726757
4	231	0.793287
11	5	0.396935
5	140	0.496512
143	5	0.801313
208	5	0.632697
153	6	0.476645
6	161	0.70694
202	6	0.275177
46	7	0.645677
82	7	0.267623
187	7	0.28348
7	225	0.637269
67	8	0.726595
8	106	0.345935
8	190	0.593571
9	102	0.197495
144	9	0.447197
9	204	0.832219
10	91	0.412868
122	10	0.541927
10	137	0.197938
143	11	0.424945
11	202	0.572023
11	208	0.381449
12	16	0.386919
19	12	0.423586
12	92	0.604295
165	13	0.544023
229	13	0.612199
13	236	0.335238
14	73	0.694167
159	14	0.252053
14	231	0.266706
15	53	0.709603
96	15	0.142672
126	15	0.368427
15	146	0.613024
16	19	0.561551
63	16	0.543872
24	17	0.650206
74	17	0.52076
111	17	0.815884
116	17	0.329845
48	18	0.21762
18	94	0.476728
18	136	0.614332
18	169	0.0299937
63	19	0.743147
19	86	0.473745
43	20	0.651401
20	133	0.481354
20	191	0.458434
20	238	0.334314
21	86	0.556878
206	21	0.805114
47	22	0.506715
22	139	0.442786
22	163	0.559182
23	39	0.423999
199	23	0.369148
23	240	0.895836
24	111	0.573104
116	24	0.573898
24	133	0.721935
75	25	0.544102
166	25	0.594148
25	194	0.581495
25	222	0.577471
46	26	0.720618
149	26	0.720976
26	193	0.765871
164	27	0.481947
27	170	0.946841
27	198	0.516567
28	112	0.265494
28	213	0.545593
28	241	0.849151
195	29	0.651686
29	196	0.600639
249	29	0.370375
30	128	0.716214
30	201	0.618728
30	209	0.460551
63	31	0.710302
150	31	0.842313
31	155	0.423482
31	184	0.98202
61	32	0.425689
32	145	0.42519
32	205	0.57321
246	32	0.720499
33	47	0.496618
117	33	0.746618
33	125	0.551495
77	34	0.695824
84	34	0.860341
170	34	0.171294
89	35	0.681964
110	35	0.42307
35	179	0.57333
59	36	0.430354
60	36	0.588855
36	71	0.337861
45	37	0.171336
212	37	0.407926
215	37	0.151855
37	224	0.202099
38	96	0.31645
38	126	0.117117
38	142	0.535892
242	38	0.523717
39	199	0.144665
207	39	0.509835
74	40	0.31491
127	40	0.448517
40	132	0.613009
151	40	0.390001
53	41	0.591816
41	120	0.49018
174	41	0.441754
42	54	0.37449
163	42	0.217206
42	175	0.534991
133	43	0.628137
43	159	0.368833
238	43	0.446465
44	65	0.528102
79	44	0.496231
207	44	0.549073
45	158	0.436766
45	212	0.148994
45	215	0.518034
46	193	0.49142
47	163	0.876036
48	118	0.267526
169	48	0.659434
61	49	0.161055
49	145	0.410909
205	49	0.735014
246	49	0.296969
90	50	0.357117
172	50	0.913281
50	186	0.267929
51	88	0.355929
51	158	0.258533
218	51	0.782284
243	51	0.444606
52	104	0.68262
134	52	0.263018
52	181	0.270887
174	53	0.675103
54	175	0.625759
193	54	0.356439
55	97	0.508157
166	55	0.379508
177	55	0.566711
55	219	0.188949
56	113	0.35855
220	56	0.365544
226	56	0.512086
97	57	0.416338
57	141	0.558532
57	177	0.726386
228	57	0.713928
58	77	0.545712
58	114	0.409297
227	58	0.361214
59	98	0.199531
152	59	0.56084
60	71	0.428744
60	98	0.45983
234	60	0.773308
61	145	0.445218
62	81	0.657983
62	115	0.313242
62	183	0.536686
62	237	0.674862
106	63	0.400782
64	76	0.45207
64	139	0.403239
64	167	0.501259
65	113	0.196463
65	158	0.369556
65	218	0.505214
66	72	0.302007
66	160	0.13365
66	196	0.602641
67	234	0.190695
239	67	0.369851
108	68	0.297117
68	169	0.565611
68	183	0.281528
78	69	0.458556
69	149	0.505764
189	69	0.424514
70	201	0.627715
209	70	0.377975
70	216	0.87007
98	71	0.143565
152	71	0.591401
152	72	0.45258
160	72	0.671315
73	159	0.325738
160	73	0.455234
73	231	0.558517
74	85	0.360495
74	127	0.806767
157	75	0.469221
75	223	0.681666
75	230	0.431255
139	76	0.527909
145	76	0.521928
76	167	0.438804
77	114	0.751006
107	78	0.515299
149	78	0.205734
78	189	0.266092
125	79	0.459056
207	79	0.960486
107	80	0.460392
80	130	0.101377
80	221	0.299594
115	81	0.75697
81	237	0.497343
187	82	0.543926
225	82	0.353832
85	83	0.423409
83	122	0.465
224	83	0.628066
84	170	0.394528
197	84	0.708009
137	85	0.365371
85	224	0.579067
86	148	0.726087
86	178	0.734767
153	87	0.758612
181	87	0.652784
87	200	0.567703
88	105	0.366378
88	113	0.70055
218	88	0.380969
89	110	0.64218
131	89	0.14074
89	179	0.355811
90	171	0.134427
90	172	0.457772
92	91	0.678135
91	140	0.4267
140	92	0.25543
135	93	0.376563
93	162	0.527233
93	219	0.511239
118	94	0.314407
136	94	0.323754
182	95	0.713213
95	228	0.626374
95	235	0.495243
96	142	0.479431
146	96	0.479588
97	156	0.439604
152	98	0.486126
122	99	0.390059
137	99	0.619063
99	224	0.375316
124	100	0.524267
100	204	0.79385
232	100	0.435139
122	101	0.365756
128	101	0.356714
101	154	0.268839
102	138	0.721836
102	144	0.216724
103	104	0.259261
203	103	0.495068
103	222	0.495347
181	104	0.778453
105	113	0.628517
105	117	0.537123
105	158	0.775995
106	190	0.332456
130	107	0.422284
107	221	0.656232
108	183	0.396474
244	108	0.46848
109	175	0.204772
109	182	0.510217
109	248	0.617248
138	110	0.50061
110	179	0.511226
116	111	0.583305
119	112	0.779316
112	151	0.515563
241	112	0.157229
185	114	0.0963275
114	227	0.840509
199	115	0.467554
237	115	0.468193
125	117	0.612444
118	136	0.763101
118	210	0.579512
131	119	0.481922
119	203	0.827567
213	119	0.617118
120	123	0.32391
121	168	0.471355
171	121	0.402174
247	121	0.617778
135	123	0.698178
204	124	0.363025
232	124	0.259657
245	124	0.614536
142	126	0.590453
126	146	0.283768
127	173	0.792377
128	154	0.568454
129	180	0.573628
129	210	0.498326
248	129	0.463084
221	130	0.576344
241	131	0.530471
132	148	0.325894
132	178	0.260418
238	133	0.649686
147	134	0.474421
245	134	0.357613
162	135	0.673729
136	169	0.01424
144	138	0.338879
167	139	0.347742
156	141	0.716287
219	141	0.692371
208	143	0.818975
147	177	0.542559
147	245	0.460185
168	148	0.421123
148	178	0.484659
149	189	0.591081
155	150	0.433298
184	150	0.881349
150	239	0.17289
151	216	0.537678
151	233	0.542638
200	153	0.964808
154	194	0.457387
184	155	0.170293
156	177	0.719763
219	156	0.687734
223	157	0.751856
230	157	0.381768
159	231	0.455255
161	172	0.0675432
161	202	0.419698
179	162	0.0113282
164	188	0.80476
198	164	0.332817
217	165	0.441837
229	165	0.626887
165	240	0.408876
166	194	0.622833
230	166	0.200931
171	168	0.479549
173	216	0.338862
173	225	0.54875
233	173	0.511913
214	174	0.713472
176	192	0.464311
176	227	0.323257
243	176	0.555312
210	180	0.335565
182	248	0.678433
227	185	0.596887
247	185	0.229457
191	186	0.570882
197	186	0.115876
187	225	0.293243
188	198	0.541526
206	188	0.640145
192	190	0.524205
197	191	0.74241
243	192	0.541218
194	223	0.585499
195	226	0.428842
249	195	0.727337
249	196	0.832146
201	209	0.138395
203	222	0.159746
204	232	0.72512
205	246	0.552879
211	209	0.614397
214	211	0.351633
211	242	0.684879
215	212	0.375678
241	213	0.418837
214	242	0.408815
215	235	0.327508
216	233	0.166271
217	229	0.383656
236	217	0.475699
217	240	0.706461
226	220	0.496158
244	220	0.39897
226	244	0.704566
235	228	0.782915
236	229	0.618502
239	234	0.653676
