0	10	0.958777
181	0	0.511737
0	211	0.624071
1	38	0.52599
1	78	0.701189
96	1	0.487564
149	1	0.445367
2	23	0.513383
81	2	0.443703
2	82	0.643503
219	2	0.499274
3	109	0.510799
214	3	0.753567
3	220	0.893195
3	233	0.433383
4	24	0.482118
4	185	0.198767
4	224	0.356957
15	5	0.707336
5	195	0.84402
234	5	0.249037
65	6	0.25753
101	6	0.246724
6	119	0.715309
57	7	0.792556
183	7	0.4079
235	7	0.432198
14	8	0.530564
8	188	0.0559926
202	8	0.260651
9	49	0.39593
9	70	0.377616
9	114	0.204293
160	9	0.250291
10	27	0.694818
10	211	0.822927
15	11	0.362686
11	29	0.104164
107	11	0.967871
11	171	0.485937
12	16	0.857305
12	93	0.391105
108	12	0.387893
12	140	0.516714
71	13	0.52364
72	13	0.539842
13	226	0.290477
14	116	0.521281
155	14	0.610117
14	216	0.675647
15	29	0.409917
107	15	0.832317
85	16	0.299839
16	93	0.429958
16	241	0.557799
25	17	0.330634
35	17	0.787658
158	17	0.422855
215	17	0.391972
177	18	0.470095
186	18	0.361905
18	246	0.484512
19	32	0.746925
19	83	0.3646
98	19	0.365501
19	213	0.569859
124	20	0.254387
20	147	0.683572
20	165	0.340283
20	190	0.534401
21	94	0.830078
112	21	0.31612
134	21	0.563593
22	175	0.422097
22	184	0.432474
22	217	0.488756
192	23	0.375212
23	222	0.270716
24	91	0.0348594
224	24	0.454864
25	35	0.872991
158	25	0.584268
113	26	0.682564
26	138	0.200581
26	170	0.453469
177	26	0.656931
33	27	0.618633
27	167	0.649369
68	28	0.646239
28	197	0.373457
28	213	0.464485
29	107	0.444085
29	127	0.233456
30	110	0.237341
181	30	0.191005
30	236	0.261347
45	31	0.459874
31	54	0.527178
31	208	0.102061
32	98	0.38928
125	32	0.6687
213	32	0.767546
33	46	0.249962
33	167	0.452764
40	34	0.44161
34	91	0.31366
34	230	0.948865
158	35	0.274131
35	215	0.623693
130	36	0.479573
36	158	0.539831
242	36	0.450774
245	36	0.374841
84	37	0.611272
106	37	0.920803
110	37	0.547023
37	225	0.578227
79	38	0.654729
133	38	0.329409
38	159	0.582056
80	39	0.229674
124	39	0.42796
231	39	0.768033
40	91	0.149646
40	234	0.613586
41	78	0.410676
41	111	0.811316
164	41	0.145659
42	60	0.709859
130	42	0.696157
227	42	0.573264
53	43	0.274656
43	144	0.490476
205	43	0.446762
137	44	0.437861
44	194	0.402822
244	44	0.579296
45	191	0.38016
195	45	0.387414
45	196	0.434401
121	46	0.647215
46	123	0.389403
89	47	0.755394
47	168	0.148357
185	47	0.717422
189	47	0.261704
48	99	0.505754
48	122	0.634001
48	135	0.492791
49	95	0.475969
49	160	0.407388
49	238	0.241488
73	50	0.522053
206	50	0.186678
50	223	0.568259
104	51	0.239823
126	51	0.790533
218	51	0.592946
88	52	0.505563
52	118	0.276373
52	134	0.37233
52	145	0.28028
65	53	0.622386
144	53	0.580203
54	208	0.518739
219	54	0.0955191
55	57	0.435745
63	55	0.74607
55	196	0.644472
247	55	0.585333
56	81	0.399512
92	56	0.591978
95	56	0.590815
56	210	0.44
57	63	0.718699
247	57	0.61288
120	58	0.698408
128	58	0.361459
58	136	0.434663
58	154	0.347796
69	59	0.302418
59	138	0.304745
59	201	0.498096
211	60	0.672088
60	227	0.375625
87	61	0.478401
61	180	0.59761
61	246	0.35148
74	62	0.515405
62	153	0.368878
62	221	0.41705
63	109	0.480144
63	191	0.723076
64	169	0.279691
174	64	0.465606
64	249	0.426828
65	101	0.569983
66	68	0.472948
66	83	0.731044
66	243	0.323526
67	162	0.28368
67	199	0.330087
67	232	0.760894
68	197	0.786873
69	106	0.354246
201	69	0.499443
102	70	0.540509
70	114	0.492819
70	167	0.872382
72	71	0.403344
71	226	0.705041
227	71	0.306912
72	151	0.503063
226	72	0.266756
73	206	0.369711
226	73	0.694264
153	74	0.642608
221	74	0.225219
189	75	0.65278
75	194	0.158504
244	75	0.389248
76	132	0.75729
76	164	0.598217
76	203	0.734572
205	77	0.4175
77	221	0.114347
77	223	0.644457
96	78	0.485519
149	78	0.628554
79	133	0.525464
79	159	0.456244
97	80	0.605726
182	80	0.817601
80	207	0.48556
82	81	0.742011
219	81	0.263383
219	82	0.160164
83	243	0.187306
84	146	0.486855
178	84	0.516479
84	212	0.481685
108	85	0.358099
241	85	0.372636
139	86	0.543598
86	141	0.474171
143	86	0.27591
86	237	0.74318
137	87	0.777385
139	87	0.637295
87	180	0.14626
88	113	0.521055
88	118	0.940702
145	88	0.407738
142	89	0.810109
89	185	0.438064
89	189	0.364561
90	131	0.5913
172	90	0.755283
90	239	0.691466
95	92	0.379793
92	210	0.700913
92	241	0.367473
93	108	0.762068
140	93	0.298266
94	134	0.508612
193	94	0.645063
228	94	0.736908
95	210	0.654123
96	149	0.456433
182	97	0.292813
207	97	0.502173
213	98	0.460909
99	122	0.573734
99	135	0.611917
100	127	0.572687
152	100	0.507865
100	166	0.512989
170	101	0.818719
114	102	0.81311
238	102	0.521154
103	111	0.360636
170	103	0.812224
103	177	0.370497
126	104	0.71597
218	104	0.18557
115	105	0.902126
105	129	0.51859
105	188	0.47971
105	198	0.730972
106	146	0.310186
132	107	0.383202
108	147	0.712347
220	109	0.134613
109	233	0.660159
110	236	0.359341
111	164	0.702115
112	134	0.670353
193	112	0.556005
112	228	0.550532
113	138	0.893972
177	113	0.453052
114	160	0.46812
115	129	0.622408
115	198	0.50933
155	116	0.604533
116	216	0.308304
143	117	0.298402
157	117	0.734009
117	179	0.492454
145	118	0.472741
148	118	0.84682
119	150	0.683329
156	119	0.59764
128	120	0.384384
136	120	0.582535
121	123	0.807389
121	231	0.582198
135	122	0.502689
123	163	0.549364
231	124	0.28212
125	168	0.271891
125	171	0.58884
218	126	0.738148
152	127	0.244465
166	127	0.334501
136	128	0.621411
198	129	0.452387
242	130	0.322001
245	130	0.412166
131	163	0.350638
131	172	0.564703
131	239	0.57679
132	203	0.507735
133	159	0.59669
236	133	0.437622
208	135	0.318087
186	136	0.261267
137	180	0.473915
138	170	0.942651
141	139	0.430905
237	139	0.759471
241	140	0.406983
237	141	0.709024
142	154	0.532216
179	142	0.527656
157	143	0.440225
200	144	0.849213
184	145	0.39782
178	146	0.615711
146	212	0.306168
147	165	0.482355
190	147	0.619017
148	173	0.413602
148	240	0.533509
156	150	0.716313
199	150	0.471624
151	187	0.510694
151	200	0.85735
151	248	0.358657
155	152	0.534525
152	166	0.666037
221	153	0.483039
154	179	0.587207
216	155	0.556814
178	156	0.328873
222	157	0.456143
160	238	0.1893
161	176	0.820314
161	204	0.363747
209	161	0.783717
161	225	0.195894
199	162	0.445907
232	162	0.376809
174	163	0.402916
163	249	0.298214
165	190	0.719757
171	168	0.309381
229	169	0.810283
169	230	0.533382
172	215	0.582794
239	172	0.459982
174	173	0.513765
173	240	0.847462
174	249	0.620031
184	175	0.364845
217	175	0.512784
176	203	0.551913
204	176	0.675708
209	176	0.310489
225	178	0.302963
211	181	0.514258
182	207	0.612175
183	206	0.195964
235	183	0.454602
217	184	0.431267
248	185	0.417015
246	186	0.222265
187	200	0.601455
187	243	0.64165
248	187	0.573843
202	188	0.590209
190	202	0.452682
191	196	0.483521
191	247	0.375565
192	216	0.868594
222	192	0.711153
228	193	0.161006
194	197	0.333611
244	194	0.737755
234	195	0.479277
196	228	0.217674
199	232	0.517373
200	248	0.371973
201	240	0.664863
209	204	0.555138
205	223	0.472371
235	207	0.571506
238	210	0.560259
212	225	0.472136
220	214	0.419842
233	214	0.429746
232	218	0.739685
220	233	0.532514
229	224	0.34536
230	229	0.464799
242	245	0.689656
