0	41	0.451418
125	0	0.0173212
0	216	0.381733
1	36	0.43678
1	57	0.788347
164	1	0.80385
9	2	0.729263
2	138	0.121039
237	2	0.561298
3	68	0.885728
75	3	0.370157
3	114	0.106515
13	4	0.57606
4	52	0.437425
4	238	0.80458
5	133	0.646313
5	174	0.565189
5	198	0.53816
40	6	0.725151
6	85	0.450768
234	6	0.331717
37	7	0.717537
106	7	0.41824
7	156	0.396278
22	8	0.302137
62	8	0.330886
227	8	0.359941
138	9	0.596315
9	237	0.382368
43	10	0.745695
10	50	0.529225
10	149	0.677165
10	228	0.548377
58	11	0.407914
11	170	0.507688
11	235	0.574861
169	12	0.460471
12	175	0.548825
225	12	0.230843
12	232	0.311146
13	52	0.103762
13	238	0.643122
17	14	0.875328
14	61	0.363168
91	14	0.803247
184	14	0.434481
15	40	0.650108
15	105	0.510737
138	15	0.30602
16	42	0.590447
16	66	0.307617
127	16	0.344091
240	16	0.501174
17	86	0.218731
17	91	0.495385
92	17	0.600706
59	18	0.376239
70	18	0.586891
77	18	0.395314
49	19	0.309933
139	19	0.477395
19	151	0.852001
20	23	0.45359
20	98	0.179237
118	20	0.471932
20	241	0.575476
86	21	0.38035
21	207	0.351547
21	236	0.840625
22	62	0.515195
22	227	0.0549654
83	23	0.796724
98	23	0.676748
24	25	0.56991
24	166	0.586875
24	248	0.825613
166	25	0.561411
25	222	0.617898
26	76	0.569046
83	26	0.47929
26	158	0.185905
69	27	0.314296
177	27	0.662951
27	195	0.578033
28	100	0.340979
170	28	0.068318
231	28	0.206076
29	56	0.284865
145	29	0.6443
29	221	0.709396
30	54	0.755958
30	127	0.672071
30	136	0.602229
31	64	0.449618
78	31	0.3707
31	130	0.481053
220	31	0.688035
32	60	0.271652
32	63	0.455357
32	157	0.375851
223	32	0.209117
122	33	0.619535
33	134	0.687079
33	143	0.564993
112	34	0.265976
34	178	0.649717
34	208	0.566061
148	35	0.738155
35	203	0.356926
217	35	0.175198
36	57	0.586297
82	36	0.499797
106	37	0.706919
156	37	0.573261
135	38	0.816934
180	38	0.270087
38	231	0.62781
243	38	0.583757
152	39	0.447203
39	175	0.678947
218	39	0.318035
105	40	0.731941
125	41	0.608
41	216	0.226959
42	140	0.758461
42	162	0.583072
43	50	0.873302
94	43	0.471055
43	149	0.667955
154	44	0.476767
155	44	0.540186
169	44	0.489725
45	69	0.207833
142	45	0.602695
205	45	0.601742
45	213	0.600529
160	46	0.543556
46	183	0.424685
244	46	0.379783
46	249	0.598474
67	47	0.327568
47	90	0.125022
168	47	0.599909
48	140	0.690097
146	48	0.2118
223	48	0.134623
49	153	0.512347
49	214	0.540569
50	219	0.791962
50	228	0.388876
51	77	0.465315
51	81	0.611008
177	51	0.381527
238	52	0.629111
53	121	0.483841
147	53	0.399814
222	53	0.323065
132	54	0.405834
196	54	0.502109
55	108	0.374956
55	206	0.262838
55	210	0.741564
211	55	0.352436
183	56	0.4885
56	221	0.139735
126	57	0.596682
58	199	0.560177
235	58	0.415078
59	72	0.655806
77	59	0.178591
59	159	0.475816
63	60	0.632481
157	60	0.41244
60	211	0.569317
61	115	0.202943
163	61	0.0205326
124	62	0.62191
227	62	0.31895
63	131	0.508616
63	157	0.53642
130	64	0.558938
64	220	0.335236
65	70	0.23331
191	65	0.258053
65	209	0.558196
230	65	0.299983
66	149	0.777597
66	240	0.770228
243	66	0.451493
67	90	0.78572
67	168	0.173728
68	75	0.44452
68	247	0.637409
69	142	0.580631
213	69	0.667172
70	84	0.388832
70	189	0.856061
71	95	0.448774
71	125	0.642963
71	224	0.641479
72	87	0.528514
72	128	0.439936
72	185	0.564519
73	200	0.790076
73	205	0.417503
229	73	0.417362
89	74	0.96941
74	103	0.826248
74	104	0.319217
204	74	0.732065
75	83	0.380962
83	76	0.30301
76	158	0.268455
159	77	0.847589
78	117	0.426318
120	78	0.288839
135	79	0.402178
150	79	0.598344
161	79	0.3084
80	97	0.82289
126	80	0.266566
80	226	0.516624
81	93	0.860754
81	159	0.379687
132	82	0.707305
82	136	0.350015
82	196	0.683949
137	84	0.734944
181	84	0.865901
84	246	0.727913
85	90	0.417951
234	85	0.708517
207	86	0.299787
86	236	0.197007
119	87	0.459598
128	87	0.627317
185	87	0.262678
88	93	0.303511
88	102	0.145889
167	88	0.748156
89	103	0.841093
204	89	0.662476
232	89	0.753908
168	90	0.615199
91	92	0.891716
133	91	0.179403
92	144	0.24008
102	93	0.569772
109	94	0.464629
94	144	0.19816
95	122	0.741482
95	224	0.665546
153	96	0.330516
179	96	0.925591
96	187	0.472148
96	233	0.551585
97	186	0.504336
239	97	0.438124
98	118	0.314563
241	98	0.51064
99	111	0.243345
99	123	0.497776
99	141	0.722663
116	100	0.655832
100	170	0.513583
190	100	0.408579
124	101	0.688152
101	147	0.455966
101	190	0.436293
209	102	0.472416
204	103	0.539714
119	104	0.475602
104	212	0.61733
105	143	0.606647
106	156	0.372154
194	107	0.372355
107	210	0.648011
248	107	0.540667
218	108	0.516407
247	108	0.401121
109	144	0.493824
172	109	0.714793
110	141	0.267343
188	110	0.464772
235	110	0.556377
123	111	0.535068
111	141	0.267085
111	188	0.34799
112	186	0.663414
112	208	0.141199
114	113	0.401228
113	158	0.719777
202	113	0.797347
113	215	0.586575
114	202	0.748225
114	215	0.464203
115	163	0.280624
182	115	0.418157
116	164	0.484598
116	165	0.291486
120	117	0.64863
117	187	0.712187
118	241	0.489957
119	212	0.471864
137	120	0.477564
121	147	0.704283
172	121	0.88158
134	122	0.359548
122	143	0.700317
151	123	0.451807
188	123	0.741954
124	190	0.384143
216	125	0.450452
226	126	0.469637
132	127	0.643718
127	196	0.473952
128	185	0.679437
173	129	0.601687
129	193	0.326691
239	129	0.564013
130	220	0.564398
131	242	0.665043
245	131	0.376319
136	132	0.621111
174	133	0.672854
198	133	0.199128
143	134	0.759518
161	135	0.505889
196	136	0.599253
137	181	0.528411
137	246	0.611192
138	237	0.367921
139	151	0.54004
139	198	0.411244
162	140	0.716071
204	141	0.41933
213	142	0.589853
142	216	0.675531
145	153	0.498482
179	145	0.496956
187	145	0.553034
220	146	0.435916
223	146	0.431261
147	192	0.603463
203	148	0.220078
217	148	0.730017
224	148	0.355339
219	149	0.664022
184	150	0.531946
150	199	0.594828
152	171	0.643242
175	152	0.456207
152	225	0.425679
154	169	0.801003
179	154	0.250172
180	155	0.404524
155	243	0.548466
159	214	0.226592
160	244	0.631896
249	160	0.781733
161	195	0.294528
240	162	0.732873
163	166	0.512449
165	164	0.462071
245	165	0.190108
182	167	0.714363
167	201	0.726747
168	189	0.529759
170	231	0.686942
175	171	0.671379
171	232	0.416183
192	172	0.24159
222	172	0.756112
188	173	0.340346
173	193	0.526373
174	198	0.695185
219	176	0.793224
228	176	0.944973
176	240	0.325573
177	195	0.732766
197	178	0.377394
233	178	0.440374
179	214	0.671931
180	242	0.638566
243	180	0.327397
201	181	0.414726
181	246	0.409442
201	182	0.656012
194	183	0.570919
248	183	0.644672
199	184	0.603891
186	239	0.337047
187	214	0.441854
209	189	0.672229
230	189	0.320524
209	191	0.270014
230	191	0.12725
192	226	0.165407
193	213	0.56168
248	194	0.0862332
212	197	0.348407
197	233	0.508575
200	205	0.670266
200	221	0.6504
200	229	0.75775
215	202	0.628586
217	203	0.513383
205	229	0.43868
210	206	0.730433
211	206	0.24906
206	237	0.886709
207	236	0.654036
208	234	0.499317
210	211	0.549898
247	218	0.523982
219	228	0.847158
232	225	0.619996
241	230	0.436063
242	245	0.710646
249	244	0.126147
