0	121	0.690454
141	0	0.683003
0	186	0.469291
0	219	0.403847
1	61	0.85331
173	1	0.722725
177	1	0.571078
1	185	0.228981
10	2	0.256094
2	30	0.585997
234	2	0.335256
3	130	0.759192
187	3	0.738893
3	205	0.567215
4	14	0.261963
4	57	0.657866
4	164	0.185857
5	67	0.229305
111	5	0.655998
5	115	0.438935
47	6	0.358216
53	6	0.602033
176	6	0.604728
7	67	0.488526
111	7	0.298092
201	7	0.517215
35	8	0.6581
43	8	0.718922
8	107	0.283238
242	8	0.76784
9	31	0.327061
9	98	0.417567
9	104	0.655501
30	10	0.469451
10	234	0.582204
11	14	0.0369137
146	11	0.0685902
11	163	0.91126
239	11	0.505883
12	28	0.479619
12	138	0.246518
12	197	0.562137
60	13	0.61021
13	166	0.660738
188	13	0.446997
102	14	0.529886
14	146	0.40174
15	99	0.495935
174	15	0.480587
15	182	0.765624
16	83	0.88382
176	16	0.452394
178	16	0.512938
17	18	0.190007
17	140	0.236834
207	17	0.883546
140	18	0.231349
207	18	0.464545
85	19	0.637905
168	19	0.236158
220	19	0.584226
20	68	0.470885
20	110	0.394583
20	179	0.477149
51	21	0.498088
21	180	0.248806
198	21	0.521717
22	112	0.601008
22	117	0.739186
22	152	0.396516
22	218	0.442992
34	23	0.471348
56	23	0.67719
23	201	0.619334
24	84	0.424638
24	89	0.366088
118	24	0.267321
24	204	0.656765
25	27	0.50816
123	25	0.716268
25	129	0.405354
158	25	0.384849
102	26	0.539566
26	144	0.438452
26	193	0.499812
76	27	0.408043
77	27	0.672923
27	119	0.487525
37	28	0.533877
28	197	0.378121
29	65	0.723094
29	69	0.483822
29	103	0.769541
29	147	0.31161
68	30	0.481367
30	234	0.588486
33	31	0.803479
31	104	0.492438
31	204	0.735644
32	56	0.393322
135	32	0.444277
216	32	0.649798
33	104	0.31755
33	151	0.340162
154	33	0.32924
34	79	0.366799
34	201	0.547682
43	35	0.693295
35	144	0.647964
223	35	0.738
36	88	0.488622
148	36	0.474942
212	36	0.488239
124	37	0.513827
128	37	0.185332
41	38	0.584512
38	90	0.382882
102	38	0.530346
247	38	0.30574
39	87	0.381991
136	39	0.537835
180	39	0.670087
87	40	0.776469
40	89	0.599885
40	122	0.391283
41	90	0.214439
41	93	0.505731
247	41	0.656662
42	192	0.419802
215	42	0.490597
221	42	0.669735
222	42	0.614255
43	92	0.576371
131	43	0.592818
127	44	0.246446
44	153	0.29678
206	44	0.358072
44	221	0.373339
160	45	0.275113
45	200	0.473003
213	45	0.509506
46	49	0.836819
58	46	0.304809
46	73	0.54095
136	46	0.431463
53	47	0.680155
47	88	0.63643
48	55	0.644621
48	93	0.518873
48	139	0.744947
48	243	0.581381
49	97	0.436081
136	49	0.567307
183	49	0.454657
50	196	0.026693
202	50	0.1664
236	50	0.528438
160	51	0.534759
198	51	0.430806
52	108	0.600998
52	120	0.413386
52	231	0.288388
116	53	0.293611
70	54	0.613682
54	94	0.639732
95	54	0.644833
55	93	0.505785
139	55	0.58193
56	135	0.362335
135	57	0.159298
57	164	0.368879
73	58	0.444354
97	58	0.217808
58	116	0.561598
59	63	0.702551
66	59	0.48447
96	59	0.318789
188	60	0.721908
60	246	0.627863
61	156	0.315412
238	61	0.794331
62	86	0.487509
62	126	0.663674
130	62	0.543316
62	229	0.369792
66	63	0.524393
63	247	0.76642
64	67	0.200504
185	64	0.552163
64	228	0.59822
65	103	0.650998
65	134	0.412752
65	175	0.256903
66	199	0.442251
111	67	0.526519
68	110	0.421241
68	179	0.785295
69	134	0.343148
69	175	0.636764
70	94	0.221888
70	224	0.267462
71	113	0.825973
71	157	0.533062
71	195	0.821295
71	229	0.478695
102	72	0.314239
146	72	0.653224
72	249	0.0558334
73	97	0.418411
80	74	0.614103
74	191	0.339551
203	74	0.381108
75	132	0.227253
150	75	0.457113
75	194	0.407144
77	76	0.547805
119	76	0.472155
119	77	0.348428
163	77	0.764218
78	95	0.208633
107	78	0.327014
78	151	0.734098
79	101	0.684051
79	153	0.723504
183	79	0.800652
80	191	0.503702
80	203	0.78261
106	81	0.800816
167	81	0.588162
81	172	0.419352
82	155	0.576285
184	82	0.769145
241	82	0.244167
83	176	0.537728
207	83	0.598821
118	84	0.0964158
204	84	0.279428
85	168	0.606791
85	220	0.759003
167	86	0.102669
86	172	0.599852
245	86	0.663447
180	87	0.471532
212	88	0.55891
89	122	0.455729
247	90	0.534637
91	92	0.735568
232	91	0.220264
240	91	0.598318
92	223	0.845085
92	242	0.472392
93	139	0.539472
111	94	0.54299
107	95	0.483597
96	142	0.562426
96	189	0.499963
97	136	0.546211
170	98	0.145275
98	208	0.513966
162	99	0.540812
99	237	0.759203
100	149	0.490965
100	178	0.631172
224	100	0.258251
101	155	0.452782
206	101	0.122662
221	101	0.371905
103	175	0.31384
104	248	0.393023
137	105	0.801341
159	105	0.320865
162	105	0.696704
106	167	0.37673
106	202	0.328804
106	245	0.659299
120	108	0.455675
108	127	0.75292
114	109	0.230925
115	109	0.549145
246	109	0.260393
110	169	0.612463
186	110	0.629524
112	117	0.209734
218	112	0.382031
242	112	0.623674
225	113	0.797485
113	229	0.368274
114	192	0.476454
114	215	0.479795
114	239	0.347225
246	115	0.585042
116	120	0.647962
230	116	0.695546
117	218	0.431872
118	159	0.266905
121	141	0.478252
121	219	0.197856
177	122	0.43119
123	158	0.765326
123	181	0.278413
128	124	0.458981
124	197	0.831076
125	209	0.559292
125	227	0.07155
235	125	0.258845
126	130	0.45072
211	126	0.482448
230	127	0.346146
127	231	0.314315
138	128	0.443239
233	128	0.533023
129	172	0.76514
198	129	0.448639
211	130	0.419256
223	131	0.552949
131	240	0.227188
131	242	0.636934
150	132	0.526227
132	194	0.923144
143	133	0.430453
133	166	0.551771
133	211	0.428409
143	134	0.311192
175	134	0.376071
142	137	0.476082
159	137	0.580439
197	138	0.847177
207	140	0.611883
151	141	0.244151
142	189	0.592087
143	166	0.65486
144	193	0.395122
145	147	0.838242
145	230	0.373458
244	145	0.505643
249	146	0.373919
244	147	0.583174
148	210	0.654734
148	226	0.585489
233	149	0.368016
243	149	0.211232
194	150	0.575654
219	151	0.685474
152	181	0.390721
241	152	0.289108
183	153	0.842548
221	153	0.2939
208	154	0.911873
248	154	0.862453
155	184	0.523874
156	165	0.609865
238	156	0.28769
157	188	0.751718
157	210	0.622566
226	157	0.678694
189	158	0.248523
158	205	0.474601
160	200	0.500427
160	213	0.257319
171	161	0.1925
161	195	0.42846
225	161	0.498528
161	244	0.598537
237	162	0.355873
249	163	0.733768
232	164	0.717019
165	199	0.444836
165	214	0.559114
165	216	0.898152
245	167	0.427937
168	220	0.566508
186	169	0.544426
190	169	0.41911
238	169	0.173108
170	208	0.728113
170	234	0.676192
195	171	0.283372
225	171	0.402288
172	245	0.64352
173	177	0.346034
228	173	0.428834
182	174	0.281958
174	213	0.0725214
177	228	0.491684
224	178	0.548912
190	179	0.299084
181	241	0.94478
196	182	0.210035
206	183	0.854851
226	184	0.546176
228	185	0.175135
186	190	0.502164
187	205	0.129028
215	187	0.253627
195	190	0.531548
203	191	0.230709
227	191	0.260695
192	217	0.619205
192	237	0.330624
212	193	0.316808
202	196	0.396726
196	236	0.420048
199	214	0.532958
199	216	0.585533
200	213	0.537455
236	202	0.708159
227	209	0.293981
209	235	0.622031
226	210	0.758044
216	214	0.574746
215	217	0.478907
217	222	0.449052
220	248	0.511061
222	239	0.396741
235	227	0.476307
230	231	0.6048
240	232	0.344545
243	233	0.583462
