0	10	0.50741
112	0	0.719823
0	179	0.412801
1	50	0.771341
1	147	0.490005
213	1	0.186018
76	2	0.598914
2	81	0.250318
134	2	0.417839
3	41	0.357762
49	3	0.33553
3	122	0.448559
170	3	0.723008
4	15	0.319675
4	54	0.521006
4	192	0.706553
5	35	0.597953
5	77	0.712251
183	5	0.808907
6	27	0.518818
64	6	0.82572
161	6	0.713215
222	6	0.610208
7	25	0.507306
84	7	0.282071
115	7	0.305086
140	7	0.541773
59	8	0.507676
8	97	0.842121
117	8	0.549069
8	131	0.417049
9	13	0.623938
9	26	0.294567
60	9	0.646448
10	23	0.711615
10	112	0.122745
198	10	0.179065
11	47	0.35135
53	11	0.587793
11	235	0.504038
12	147	0.569526
12	198	0.45407
245	12	0.396734
13	60	0.700229
108	13	0.739276
35	14	0.314904
14	62	0.523095
14	126	0.457777
54	15	0.595454
15	192	0.16675
16	69	0.296142
138	16	0.917284
158	16	0.521343
17	37	0.301511
17	187	0.25721
224	17	0.427867
110	18	0.766524
202	18	0.50735
226	18	0.680239
181	19	0.540831
225	19	0.349873
19	244	0.523987
20	42	0.220504
20	107	0.528735
131	20	0.421452
20	207	0.224664
32	21	0.415144
21	59	0.558173
21	113	0.74735
21	116	0.31703
22	52	0.414757
57	22	0.0797545
158	22	0.363777
22	200	0.686328
23	112	0.695366
23	124	0.569668
86	24	0.376095
24	137	0.849278
24	176	0.203657
115	25	0.513117
25	140	0.319675
58	26	0.512837
155	26	0.578389
27	64	0.514492
27	161	0.130161
222	27	0.814337
78	28	0.914545
28	137	0.584086
165	28	0.515885
28	195	0.51212
29	61	0.336316
29	92	0.110568
29	182	0.388813
29	229	0.377551
139	30	0.361447
30	180	0.517686
188	30	0.654658
31	171	0.12161
31	199	0.667321
31	237	0.681886
51	32	0.502871
85	32	0.438419
33	42	0.959406
33	127	0.286624
169	33	0.606839
34	109	0.310094
34	149	0.835922
227	34	0.549472
35	62	0.259418
41	36	0.728553
36	93	0.147541
118	36	0.504559
44	37	0.341563
224	37	0.319626
166	38	0.344908
217	38	0.457132
38	244	0.481388
144	39	0.18314
154	39	0.887575
39	201	0.820696
249	39	0.725771
126	40	0.34047
144	40	0.481339
40	175	0.301223
41	93	0.00884005
41	118	0.506108
42	102	0.337023
163	43	0.903515
43	166	0.0269911
194	43	0.733387
56	44	0.331644
119	44	0.689726
44	202	0.207156
65	45	0.612402
75	45	0.413239
45	111	0.234476
219	45	0.450234
46	89	0.653692
96	46	0.670141
46	129	0.0619063
53	47	0.751762
47	191	0.390942
101	48	0.0912087
48	187	0.744143
221	48	0.364276
122	49	0.653219
49	170	0.872451
49	209	0.15692
50	147	0.348638
50	213	0.436065
51	85	0.306742
51	125	0.332306
57	52	0.610656
200	52	0.489549
53	188	0.293044
57	54	0.431706
192	54	0.556435
184	55	0.605278
193	55	0.804847
55	196	0.672937
56	119	0.317237
56	214	0.790473
233	56	0.507497
200	57	0.437556
58	90	0.732996
155	58	0.587689
59	113	0.845812
116	59	0.573458
60	67	0.564316
92	61	0.439671
61	229	0.455698
156	62	0.606499
77	63	0.270511
63	84	0.827422
63	209	0.562199
161	64	0.448334
222	64	0.703273
156	65	0.129551
65	175	0.343379
65	178	0.334841
128	66	0.43088
66	145	0.716971
66	223	0.426428
102	67	0.557831
67	236	0.280648
74	68	0.31824
68	159	0.439883
68	228	0.52099
248	68	0.52396
69	160	0.496385
69	184	0.375112
69	190	0.518842
70	83	0.285822
70	152	0.134366
157	70	0.471652
70	203	0.756654
71	146	0.436897
71	154	0.558344
71	162	0.552786
71	215	0.615492
72	124	0.411377
72	155	0.634929
72	239	0.517149
73	227	0.713204
73	235	0.60674
242	73	0.699861
228	74	0.644354
74	248	0.311259
75	111	0.377721
219	75	0.432119
76	81	0.606303
134	76	0.337399
77	183	0.490836
195	78	0.32451
78	236	0.445594
80	79	0.0753675
98	79	0.344589
174	79	0.520613
230	79	0.690837
80	98	0.55067
108	80	0.676436
80	230	0.277486
81	134	0.193166
82	127	0.513211
141	82	0.668804
82	151	0.697872
83	220	0.712853
246	83	0.436582
209	84	0.787218
85	151	0.537267
86	92	0.511121
137	86	0.507597
176	86	0.988667
87	94	0.202177
136	87	0.221462
180	87	0.48355
128	88	0.474762
88	130	0.652463
88	213	0.318062
96	89	0.587086
89	129	0.0988122
135	90	0.107197
173	90	0.503951
186	90	0.80873
91	122	0.432391
143	91	0.110383
91	247	0.323811
229	92	0.497787
118	93	0.312566
93	248	0.721786
94	136	0.774462
94	230	0.201468
114	95	0.588176
123	95	0.583874
95	170	0.462399
96	129	0.517388
96	217	0.700469
117	97	0.375807
97	131	0.550005
207	97	0.459521
98	172	0.612845
98	230	0.405129
99	146	0.534647
150	99	0.516664
99	177	0.643909
215	99	0.346168
106	100	0.179
100	152	0.798313
100	233	0.657359
167	101	0.786865
204	101	0.488218
240	101	0.816227
102	236	0.556582
103	133	0.894834
103	134	0.312177
211	103	0.763373
104	105	0.802557
216	104	0.626101
234	104	0.715912
238	104	0.445875
105	206	0.559639
234	105	0.394086
106	114	0.585128
152	106	0.878774
233	106	0.414641
117	107	0.285998
107	131	0.635945
108	153	0.571776
108	205	0.533739
109	235	0.929111
242	109	0.71476
110	202	0.387169
226	110	0.357638
111	219	0.618624
111	224	0.593526
113	116	0.670022
113	153	0.613632
123	114	0.487111
115	140	0.0241159
117	207	0.0630698
247	118	0.25295
119	214	0.273694
120	172	0.723053
120	199	0.163454
212	120	0.509167
121	168	0.847003
189	121	0.458532
243	121	0.694117
122	170	0.129647
171	123	0.489377
239	124	0.630341
125	132	0.0867607
164	125	0.63198
144	126	0.471717
169	127	0.589789
128	130	0.332975
129	138	0.532654
205	130	0.555951
132	164	0.699673
229	132	0.669272
133	195	0.730333
133	211	0.516499
173	135	0.635401
186	135	0.302717
214	136	0.354318
176	137	0.622548
158	138	0.516889
180	139	0.579397
239	139	0.443108
141	151	0.55016
141	157	0.501209
142	183	0.183237
142	210	0.424105
142	218	0.629079
220	143	0.363758
247	143	0.506387
193	145	0.483014
145	223	0.387722
146	150	0.663869
232	146	0.665299
213	147	0.142508
206	148	0.722912
216	148	0.687248
148	234	0.608621
238	148	0.711102
211	149	0.45944
227	149	0.933926
162	150	0.100819
232	150	0.267095
152	233	0.509629
153	177	0.66143
205	153	0.35584
154	201	0.447953
154	249	0.560785
175	156	0.498924
178	156	0.549746
157	203	0.38924
157	208	0.678588
159	174	0.623736
179	159	0.801684
160	184	0.319964
190	160	0.529203
161	222	0.436388
207	162	0.52526
232	162	0.408603
166	163	0.541977
163	181	0.726094
163	194	0.287344
164	210	0.729372
192	165	0.58205
165	195	0.312787
194	166	0.358774
197	167	0.343222
240	167	0.977069
167	241	0.355249
168	189	0.767142
243	168	0.590253
245	169	0.896128
171	191	0.564787
171	237	0.426134
199	172	0.638625
212	172	0.346641
173	186	0.692671
174	179	0.420615
178	175	0.750578
205	177	0.711911
180	188	0.499537
225	181	0.631505
185	182	0.511965
231	182	0.638863
190	184	0.546065
185	231	0.0989024
185	249	0.818823
221	187	0.643435
243	189	0.151052
237	191	0.0208457
196	193	0.424856
194	225	0.571145
196	218	0.447693
204	197	0.576203
240	197	0.31489
197	241	0.621164
198	245	0.294976
199	212	0.81989
201	249	0.066324
208	203	0.825176
241	204	0.61382
206	216	0.700771
238	206	0.780011
221	208	0.582723
210	218	0.682511
215	232	0.353634
217	244	0.85176
220	246	0.505666
231	223	0.738723
226	246	0.608267
248	228	0.434426
238	234	0.224271
235	242	0.323427
241	240	0.958412
