0	19	0.31
51	0	0.54
0	95	0.95
1	36	0.03
1	58	0.25
72	1	0.05
8	2	0.81
2	28	0.05
79	2	0.78
3	38	0.49
55	3	0.75
3	93	0.38
48	4	0.09
4	62	0.48
4	70	0.17
4	97	0.90
5	39	0.73
5	45	0.35
60	5	0.71
6	11	0.82
15	6	0.90
61	6	0.94
71	6	0.56
7	54	0.80
63	7	0.44
77	7	0.37
28	8	0.13
79	8	0.69
8	97	0.63
18	9	0.05
9	35	0.34
9	95	0.06
10	14	0.86
26	10	0.79
10	80	0.42
11	61	0.57
71	11	0.53
11	90	0.12
58	12	0.13
12	81	0.63
12	92	0.02
13	27	0.67
43	13	0.98
13	44	0.64
49	13	0.31
26	14	0.99
14	50	0.09
15	21	0.48
65	15	0.82
15	78	0.86
16	37	0.31
48	16	0.12
81	16	0.13
17	18	0.42
17	41	0.70
42	17	0.05
74	17	0.44
35	18	0.60
41	18	0.31
22	19	0.01
51	19	0.93
19	56	0.23
20	86	0.15
20	88	0.12
99	20	0.16
21	78	0.91
92	21	0.02
22	91	0.69
22	95	0.13
22	96	0.83
23	82	0.83
83	23	0.97
89	23	0.50
23	98	0.40
24	61	0.61
24	71	0.41
90	24	0.61
25	30	0.82
25	40	0.21
52	25	0.94
26	64	0.87
80	26	0.99
43	27	0.24
27	44	0.79
28	65	0.53
79	28	0.44
33	29	0.47
29	67	0.52
82	29	0.87
30	34	0.34
30	66	0.99
31	40	0.87
31	44	0.09
31	52	0.47
36	32	0.51
32	39	0.33
75	32	0.21
33	67	0.63
33	87	0.56
34	66	0.07
70	34	0.33
74	35	0.47
35	76	0.32
36	72	0.01
47	37	0.44
37	56	0.78
37	94	0.88
55	38	0.59
38	93	0.48
45	39	0.96
39	75	0.58
52	40	0.09
84	40	0.20
74	41	0.37
46	42	0.19
57	42	0.79
43	44	0.43
49	43	0.56
60	45	0.82
45	75	0.05
57	46	0.55
66	46	0.76
73	47	0.38
47	94	0.66
48	73	0.22
49	73	0.32
50	57	0.57
80	50	0.86
51	69	0.92
91	51	0.22
72	52	0.16
65	53	0.86
53	68	0.87
78	53	0.52
63	54	0.15
54	77	0.89
93	55	0.21
56	73	0.79
94	56	0.33
58	81	0.25
74	59	0.96
59	84	0.25
98	59	0.95
60	75	0.99
70	62	0.81
97	62	0.75
63	68	0.17
63	77	0.38
64	85	0.17
64	96	0.83
67	89	0.14
68	78	0.80
92	68	0.24
76	69	0.36
69	87	0.02
97	70	0.13
90	71	0.63
87	76	0.91
83	80	0.06
82	83	0.63
83	89	0.34
84	98	0.67
96	85	0.54
99	85	0.28
86	88	0.26
99	86	0.17
88	99	0.85
95	91	0.47
