0	1	0.36
7	0	0.02
0	75	0.52
0	76	0.66
1	47	0.26
76	1	0.24
9	2	0.92
2	30	0.42
31	2	0.32
3	25	0.14
27	3	0.75
3	53	0.60
16	4	0.30
4	33	0.68
4	62	0.29
5	15	0.85
5	21	0.88
5	51	0.95
92	5	0.36
6	35	0.11
78	6	1.00
87	6	0.13
89	6	0.64
7	47	0.63
85	7	0.73
60	8	0.63
76	8	0.34
90	8	0.21
9	22	0.90
31	9	0.22
10	23	0.95
10	34	0.40
10	44	0.45
38	11	0.62
11	86	0.72
11	99	0.07
36	12	0.29
12	48	0.74
55	12	0.44
12	97	0.26
13	63	0.67
13	67	0.54
73	13	0.97
14	26	0.34
42	14	0.65
51	14	0.33
15	17	0.78
15	70	0.37
83	15	0.90
16	62	0.53
16	97	0.24
41	17	0.21
70	17	0.28
18	29	0.40
18	33	0.10
66	18	0.88
24	19	0.09
87	19	0.23
89	19	0.19
27	20	0.76
40	20	0.95
20	50	0.13
21	51	0.82
21	92	0.03
94	21	0.01
22	55	0.65
60	22	0.37
22	81	0.35
23	34	0.17
23	39	0.07
24	35	0.87
89	24	0.61
27	25	0.32
25	53	0.22
26	39	0.28
26	40	0.18
42	26	0.55
27	53	0.14
28	66	0.37
84	28	0.47
28	93	0.23
33	29	0.77
66	29	0.03
30	46	0.78
30	78	0.99
96	31	0.56
54	32	0.04
32	56	0.24
82	32	0.71
33	66	0.77
34	50	0.90
35	77	0.34
35	87	0.32
36	64	0.47
94	36	0.51
37	44	0.72
86	37	0.60
37	99	0.46
38	49	0.19
38	52	0.39
79	38	0.03
57	39	0.10
39	88	0.79
40	50	0.48
70	41	0.66
41	83	0.32
42	57	0.50
65	42	0.45
43	61	0.15
69	43	0.58
43	96	0.09
99	44	0.33
80	45	0.36
95	45	0.02
98	45	0.27
78	46	0.99
46	89	0.13
72	47	0.06
85	47	0.57
48	81	0.96
97	48	0.48
52	49	0.17
79	49	0.72
51	92	0.21
52	86	0.66
53	92	0.15
54	56	0.80
74	54	0.54
54	82	0.17
68	55	0.21
82	56	0.34
65	57	0.48
58	68	0.08
77	58	0.28
91	58	0.04
59	64	0.37
72	59	0.30
59	74	0.55
90	60	0.61
61	65	0.04
96	61	0.46
62	79	0.93
67	63	0.18
63	73	0.11
94	64	0.55
88	65	0.35
67	73	0.40
68	71	0.47
68	77	0.27
69	77	0.97
69	91	0.72
70	83	0.98
83	71	0.10
91	71	0.54
72	74	0.86
76	75	0.18
85	75	0.08
86	79	0.65
95	80	0.51
80	98	0.31
81	97	0.88
82	84	0.03
93	84	0.45
89	87	0.46
88	90	0.74
98	93	0.94
95	98	0.95
