0	8	0.40
25	0	0.74
0	30	0.18
0	69	0.78
1	3	0.43
9	1	0.02
24	1	0.85
2	51	0.69
77	2	0.70
2	82	0.09
38	3	0.08
3	56	0.39
61	3	0.32
4	19	0.02
4	23	0.58
4	33	0.74
5	27	0.35
5	73	0.29
92	5	0.49
6	52	0.19
57	6	0.68
91	6	0.59
22	7	0.95
7	55	0.27
62	7	0.63
10	8	0.65
68	8	0.48
24	9	0.61
9	77	0.92
87	10	0.30
10	90	0.41
11	78	0.76
11	86	0.83
94	11	0.04
12	17	0.80
12	36	0.66
85	12	0.90
13	29	0.33
57	13	0.95
13	91	0.62
14	37	0.87
14	39	0.69
94	14	0.03
15	23	0.87
36	15	0.08
60	15	0.73
16	59	0.49
16	74	0.22
89	16	0.10
17	63	0.44
17	65	0.06
25	18	0.61
48	18	0.85
18	93	0.05
19	23	0.20
33	19	0.24
67	19	0.31
45	20	0.02
53	20	0.35
54	20	0.20
71	20	0.46
21	28	0.83
21	31	0.10
21	66	0.24
23	22	0.22
22	26	0.18
64	22	0.09
24	97	0.24
25	30	0.01
25	69	0.08
26	34	0.35
55	26	0.73
72	26	0.35
27	69	0.70
27	73	0.96
27	92	0.46
39	28	0.19
28	66	0.31
29	62	0.43
67	29	0.49
30	65	0.23
69	30	0.33
32	31	0.65
31	54	0.86
31	97	0.02
37	32	0.12
54	32	1.00
32	97	0.04
60	33	0.54
34	50	0.02
34	55	0.94
34	64	0.82
35	43	0.50
35	46	0.53
84	35	0.68
35	98	0.89
63	36	0.04
36	85	0.73
37	39	0.68
38	56	0.97
96	38	0.99
44	40	0.53
40	59	0.68
40	72	0.92
99	40	0.46
41	50	0.05
41	60	0.73
79	41	0.12
42	46	0.36
84	42	0.24
42	98	0.52
46	43	0.67
84	43	0.65
98	43	0.69
59	44	0.98
83	44	0.97
44	99	0.86
53	45	0.85
70	45	0.77
45	71	0.07
84	46	0.36
67	47	0.72
74	47	0.44
47	79	0.95
48	66	0.44
48	68	0.50
48	93	0.26
72	49	0.30
49	83	0.38
99	49	0.91
79	50	0.45
81	51	0.22
51	88	0.82
57	52	0.09
91	52	0.71
53	71	0.80
64	55	0.01
56	95	0.13
96	56	0.63
58	76	0.50
78	58	0.17
58	94	0.98
92	61	0.83
61	95	0.95
96	61	0.26
89	62	0.11
63	80	0.14
65	80	0.78
65	85	0.46
67	89	0.97
68	90	0.64
68	96	0.50
75	70	1.00
87	70	0.30
71	73	0.20
83	72	0.56
92	73	0.17
89	74	0.71
87	75	0.52
75	95	0.24
76	78	0.46
76	86	0.82
81	77	0.30
82	77	0.89
80	85	0.55
88	81	0.59
82	88	0.72
90	86	0.08
86	94	0.37
93	90	0.40
