0	28	0.27
55	0	0.12
0	87	0.39
1	5	0.31
1	9	0.61
23	1	0.97
26	2	0.38
2	30	0.40
43	2	0.85
3	19	0.23
31	3	0.21
3	83	0.87
44	4	0.41
4	49	0.26
4	78	0.17
5	9	0.46
5	23	0.07
6	13	0.98
40	6	0.91
6	54	0.15
96	6	0.10
37	7	0.12
62	7	0.86
7	85	0.82
59	8	0.34
91	8	0.97
92	8	0.29
23	9	0.59
10	32	0.57
46	10	0.94
10	47	0.21
10	81	0.14
11	32	0.21
57	11	0.50
11	64	0.98
12	50	0.86
65	12	0.03
12	68	0.24
95	12	0.37
13	24	0.86
13	79	0.60
14	53	0.05
60	14	0.74
14	77	0.45
27	15	0.14
40	15	0.90
15	69	0.62
15	82	0.83
45	16	0.50
16	94	0.65
16	97	0.37
20	17	0.77
38	17	0.58
17	66	0.58
17	70	0.79
65	18	0.07
78	18	0.70
93	18	0.79
31	19	0.52
83	19	0.71
52	20	0.10
20	56	0.11
21	38	0.37
21	66	0.08
70	21	0.25
22	35	0.35
52	22	0.53
22	72	0.46
24	79	0.42
24	83	0.57
25	34	0.16
39	25	0.16
42	25	0.17
25	63	0.69
26	43	0.28
26	53	0.86
69	27	0.78
27	82	0.99
27	95	0.34
87	28	0.43
28	94	0.81
60	29	0.30
74	29	0.28
29	92	0.64
30	41	0.05
75	30	0.77
89	30	0.41
31	54	0.71
83	31	0.04
32	47	0.57
32	81	0.48
33	59	0.62
33	73	0.37
33	88	0.31
44	34	0.76
34	49	0.89
57	34	0.58
35	46	0.98
35	67	0.47
36	48	0.58
51	36	0.26
84	36	0.31
36	90	0.75
37	62	0.62
99	37	0.87
38	66	0.17
39	42	0.93
63	39	0.55
40	54	0.61
96	40	0.64
41	75	0.16
89	41	0.17
63	42	0.78
68	43	0.77
49	44	0.91
69	44	0.53
45	76	0.16
94	45	0.01
97	45	0.61
46	71	0.05
80	46	0.95
74	47	0.21
81	47	0.11
48	51	0.02
48	90	0.76
49	73	0.72
50	68	0.16
98	50	0.14
51	90	0.51
56	52	0.53
58	52	1.00
60	53	0.72
54	96	0.75
61	55	0.32
93	55	0.88
56	58	0.19
64	57	0.13
58	80	0.36
91	59	0.95
61	70	0.11
93	61	0.96
62	88	0.44
71	64	0.06
65	78	0.73
70	66	0.27
71	67	0.72
67	72	0.49
67	80	0.13
68	98	0.82
69	82	0.80
71	72	0.44
73	88	0.43
92	74	0.54
89	75	0.80
75	98	0.20
85	76	0.05
97	76	0.74
84	77	0.98
86	77	0.14
77	99	0.12
79	91	0.18
84	86	0.52
99	84	0.39
94	85	0.39
86	99	0.06
90	87	0.84
95	98	0.19
