0	5	0.06
65	0	0.52
0	71	0.75
1	20	0.04
1	59	0.04
95	1	0.67
6	2	0.70
2	21	0.55
27	2	0.70
2	79	0.97
53	3	0.46
3	58	0.97
64	3	0.70
4	42	0.63
4	43	0.32
4	70	0.68
4	93	0.06
5	15	0.17
71	5	0.53
6	11	0.42
67	6	0.86
96	6	0.63
69	7	0.61
7	83	0.71
94	7	0.76
24	8	0.91
36	8	0.79
49	8	0.92
8	81	0.93
25	9	0.08
9	38	0.99
9	47	0.39
9	78	0.38
38	10	0.48
10	66	0.98
10	89	0.96
67	11	0.03
11	94	0.39
96	11	0.24
12	23	0.86
12	29	0.03
12	34	0.89
80	12	0.83
13	88	0.30
91	13	0.06
98	13	0.62
14	33	0.12
14	45	0.73
72	14	0.76
14	73	0.97
15	56	0.18
76	15	0.70
33	16	0.35
16	45	0.56
16	72	0.11
77	16	0.41
46	17	0.63
63	17	0.34
73	17	0.55
48	18	0.31
68	18	0.85
18	85	0.92
19	41	0.95
19	49	0.55
62	19	0.38
19	65	0.13
31	20	0.09
20	52	0.85
21	27	0.03
21	56	0.01
21	79	0.78
26	22	0.44
82	22	0.53
22	86	0.75
23	37	0.94
23	61	0.49
99	23	0.34
24	36	0.68
24	40	0.64
51	24	0.28
25	47	0.32
78	25	0.78
28	26	0.23
26	82	0.30
27	79	0.76
50	28	0.82
77	28	0.05
28	97	0.44
55	29	0.54
29	74	0.55
29	90	0.75
30	53	0.95
30	58	0.13
30	64	0.49
52	31	0.17
31	54	0.94
62	31	0.33
32	60	0.79
32	69	0.29
32	95	0.89
73	33	0.25
85	33	0.72
34	37	0.77
34	80	1.00
39	35	0.35
35	75	0.99
35	87	0.94
51	36	0.95
36	92	0.40
61	37	0.82
38	44	0.88
75	39	0.98
87	39	0.62
81	40	0.82
92	40	0.48
49	41	0.83
41	65	0.46
43	42	0.82
70	42	0.95
42	93	0.14
93	43	0.63
47	44	0.93
78	44	0.75
45	54	0.01
46	50	0.93
46	63	0.97
47	78	0.37
68	48	0.97
48	85	0.63
65	49	0.08
77	50	0.70
97	50	0.35
51	92	0.11
59	52	0.78
62	52	0.29
53	57	0.89
84	53	0.89
54	72	0.56
74	55	1.00
55	90	0.58
76	56	0.38
57	84	0.96
89	57	0.61
58	64	0.85
62	59	0.82
95	59	0.50
60	69	0.07
60	76	0.80
61	80	0.43
62	95	0.39
63	99	0.04
64	84	0.69
71	66	0.43
89	66	0.71
67	81	0.73
96	67	0.73
85	68	0.88
93	70	0.07
73	72	0.02
74	84	0.79
74	90	0.80
75	87	0.86
97	77	0.92
99	79	0.95
80	99	0.76
92	81	0.30
82	83	0.53
94	83	0.21
86	91	0.95
98	86	0.13
88	91	0.11
98	88	0.30
98	91	0.51
