0	62	0.25
77	0	0.38
0	93	0.98
1	68	0.96
1	69	0.59
82	1	0.83
93	1	0.44
2	29	0.33
65	2	0.46
2	77	0.07
5	3	0.31
3	45	0.44
55	3	0.01
3	58	0.93
4	31	0.50
4	41	0.18
4	47	0.61
5	13	0.31
24	5	0.07
5	46	0.62
20	6	0.50
42	6	0.82
81	6	0.67
7	51	0.01
83	7	0.90
94	7	0.22
29	8	0.87
60	8	0.83
8	65	0.44
77	8	0.12
9	11	0.15
9	42	0.93
9	52	0.60
81	9	0.04
10	35	0.03
10	61	0.64
84	10	0.53
11	42	0.84
85	11	0.40
12	20	0.50
12	57	0.89
12	84	0.47
45	13	0.79
13	58	0.18
16	14	0.67
74	14	0.27
14	87	0.48
15	35	0.11
38	15	0.83
15	84	0.09
16	59	0.33
74	16	0.23
37	17	0.70
17	72	0.35
17	92	0.27
44	18	0.13
71	18	0.53
99	18	0.90
27	19	0.78
32	19	0.02
79	19	0.98
19	91	0.24
20	57	0.35
21	25	0.51
38	21	0.38
21	73	0.34
80	21	0.05
22	66	0.31
22	75	0.38
22	79	0.45
23	40	0.07
62	23	0.25
98	23	0.30
24	43	1.00
24	53	0.14
24	97	0.06
39	25	0.81
25	61	0.48
26	66	0.98
88	26	0.81
26	90	0.79
45	27	0.68
59	27	0.61
27	64	0.39
28	48	0.58
75	28	0.81
79	28	0.33
29	65	0.59
89	29	0.17
30	59	0.58
30	64	0.97
30	91	0.21
31	70	0.71
31	86	0.92
64	32	0.20
32	91	0.23
98	32	0.04
33	37	0.89
33	92	0.18
33	97	0.75
37	34	0.16
63	34	0.59
34	72	0.69
35	84	0.38
60	36	0.71
36	89	0.27
36	96	0.04
99	36	0.41
37	72	0.74
40	38	0.25
39	61	0.71
82	39	0.38
98	40	0.60
56	41	0.89
70	41	0.60
86	41	0.48
42	85	0.53
53	43	0.82
97	43	0.92
44	71	0.99
89	44	0.23
58	45	0.15
55	46	0.86
46	83	0.85
47	63	0.88
47	86	0.62
48	66	0.27
79	48	0.03
49	54	0.10
56	49	0.08
95	49	0.43
56	50	0.02
50	67	0.45
78	50	0.53
83	51	0.85
51	94	0.05
57	52	0.55
52	81	0.47
85	52	0.23
53	97	0.58
87	54	0.41
54	96	0.42
58	55	0.40
56	78	0.75
99	60	0.36
93	62	0.89
63	92	0.01
65	77	0.80
66	75	0.36
67	76	0.70
67	78	0.11
67	95	0.79
69	68	0.89
82	68	0.76
69	82	0.08
86	70	0.62
89	71	0.18
92	72	0.89
80	73	0.03
73	91	0.35
74	88	0.88
76	78	0.18
95	76	0.09
90	80	0.20
83	94	0.35
96	87	0.13
88	90	0.91
