0	15	0.66
51	0	0.95
0	84	0.40
1	13	0.64
1	58	0.21
86	1	0.11
64	2	0.01
2	69	0.48
78	2	0.10
3	36	0.10
46	3	0.37
3	62	0.53
8	4	0.57
4	17	0.65
4	72	0.85
5	20	0.31
5	27	0.82
5	39	0.31
25	6	0.64
6	32	0.34
56	6	0.98
81	6	0.52
25	7	0.94
7	67	0.45
83	7	0.79
24	8	0.61
72	8	0.52
55	9	0.77
9	82	0.09
88	9	0.47
10	41	0.41
10	45	0.12
10	67	0.02
85	10	0.55
11	26	0.26
11	62	0.98
98	11	0.65
12	56	0.52
74	12	0.85
12	81	0.89
13	58	0.48
13	86	0.34
43	14	0.73
14	66	0.18
94	14	0.64
51	15	0.64
15	84	0.16
16	21	0.43
48	16	0.23
16	76	0.75
17	72	0.56
73	17	0.80
30	18	0.86
18	34	0.20
18	57	0.49
75	18	0.10
28	19	0.63
49	19	0.10
99	19	0.25
32	20	0.59
39	20	0.30
20	78	0.22
21	48	0.20
21	80	0.40
40	22	0.21
22	50	0.43
93	22	0.10
22	98	0.92
23	26	0.33
23	61	0.22
23	63	0.74
79	23	0.07
73	24	0.94
24	86	0.19
25	83	0.89
26	98	0.20
64	27	0.28
27	65	0.08
28	49	0.36
90	28	0.13
28	99	0.47
30	29	0.74
34	29	0.27
29	75	0.20
30	57	0.41
75	30	0.89
74	31	0.96
31	80	0.50
81	31	0.72
32	39	0.84
32	66	0.22
33	38	0.21
33	54	0.40
33	59	0.67
38	34	0.35
34	57	0.90
82	35	0.13
35	87	0.97
35	97	0.49
36	42	0.84
91	36	0.17
47	37	0.99
37	53	0.42
37	63	0.49
54	38	0.22
38	59	0.52
40	50	0.14
68	40	0.57
40	93	0.19
79	41	0.89
41	85	0.87
65	42	0.05
91	42	0.09
56	43	0.64
66	43	0.24
94	43	0.13
44	77	0.58
89	44	0.16
92	44	0.22
45	68	0.27
87	45	0.80
58	46	0.42
62	46	0.03
47	53	0.36
47	88	0.20
48	55	0.10
49	90	0.56
99	49	0.68
50	52	0.59
84	51	0.40
60	52	0.62
70	52	0.35
53	85	0.57
59	54	0.26
88	55	0.13
56	81	0.98
86	58	0.96
60	70	0.47
91	60	0.26
61	79	0.97
90	61	0.05
63	75	0.42
79	63	0.95
64	76	0.25
78	64	0.92
69	65	0.11
65	76	0.17
66	94	0.89
67	85	0.87
68	87	0.03
69	76	0.55
70	96	0.62
77	71	0.45
95	71	0.20
71	96	0.33
73	72	0.41
80	74	0.70
78	76	0.47
92	77	0.43
77	96	0.85
82	97	0.26
83	93	0.01
92	89	0.88
95	89	0.56
89	96	0.07
99	90	0.03
92	95	0.15
97	94	0.24
