0	18	0.30
82	0	0.06
0	87	0.18
1	21	0.22
1	28	0.38
95	1	0.72
30	2	0.77
2	88	0.48
99	2	0.24
3	10	0.87
75	3	0.97
3	94	0.46
98	3	0.80
4	24	0.70
4	27	0.17
4	35	0.70
4	44	0.89
5	59	0.67
70	5	0.10
5	77	0.60
78	5	0.44
25	6	0.07
31	6	0.46
6	60	0.92
8	7	0.06
17	7	0.45
41	7	0.40
23	8	0.62
8	47	0.58
68	8	0.58
9	33	0.47
9	36	0.82
9	57	0.25
51	10	0.58
10	75	0.96
10	82	0.63
98	10	0.15
11	32	0.43
35	11	0.25
11	45	0.96
12	63	0.84
12	65	0.21
79	12	0.64
12	90	0.66
46	13	0.18
71	13	0.81
13	93	0.13
14	41	0.25
73	14	0.15
14	92	0.96
15	38	0.73
57	15	0.03
64	15	0.27
15	97	0.53
16	26	0.56
34	16	0.17
39	16	0.83
58	16	0.83
23	17	0.14
68	17	0.44
84	17	0.11
18	48	0.31
18	87	0.66
19	42	0.60
76	19	0.30
19	94	0.76
22	20	0.76
20	37	0.51
20	40	0.52
21	24	0.55
21	95	0.37
40	22	0.81
52	22	0.75
22	67	0.11
23	41	0.33
23	68	0.09
44	24	0.30
24	55	0.19
25	56	0.82
60	25	0.31
26	39	0.06
58	26	0.89
55	27	0.11
27	74	0.17
27	86	0.72
34	28	0.12
84	28	0.46
29	47	0.51
48	29	0.75
29	92	0.39
30	61	0.51
30	86	0.50
30	99	0.40
31	51	0.83
80	31	0.90
32	35	0.20
85	32	0.51
33	36	0.42
33	57	0.22
34	84	0.90
85	35	0.52
57	36	0.60
37	40	0.59
37	52	0.13
67	37	0.75
38	64	0.68
38	97	0.35
58	39	0.33
42	61	0.58
76	42	0.95
43	49	0.95
91	43	0.26
96	43	0.15
55	44	0.11
74	44	0.02
65	45	0.16
45	72	0.19
71	46	0.43
89	46	0.15
46	93	0.55
48	47	0.93
77	49	0.93
91	49	0.73
50	62	0.11
50	81	0.70
50	88	0.93
51	80	0.18
59	52	0.72
52	67	0.82
59	53	0.25
70	53	0.11
73	53	0.74
54	69	0.14
83	54	0.78
96	54	0.82
56	60	0.36
95	56	0.09
59	66	0.62
99	61	0.16
62	81	0.13
88	62	0.31
63	79	0.59
87	63	0.25
63	90	0.03
97	64	0.71
72	65	0.67
66	70	0.96
66	78	0.30
68	72	0.44
69	83	0.60
69	96	0.22
71	89	0.35
93	71	0.70
92	73	0.75
74	86	0.14
82	75	0.96
94	75	0.09
85	76	0.70
78	77	0.34
79	90	0.40
79	98	0.96
80	83	0.80
88	81	0.32
91	81	0.51
82	98	0.52
96	83	0.69
89	90	0.27
93	89	0.89
