0	13	0.37
71	0	0.87
0	96	0.66
1	35	0.78
1	65	0.38
84	1	0.51
89	1	0.97
2	59	0.18
75	2	0.49
2	94	0.35
24	3	0.82
3	33	0.74
98	3	0.10
4	7	0.01
4	20	0.73
4	45	0.23
5	70	0.48
5	92	0.92
94	5	0.42
6	8	0.55
66	6	0.12
98	6	0.30
20	7	0.21
7	49	0.24
78	8	0.34
95	8	0.27
17	9	0.13
25	9	0.96
9	88	0.15
26	10	0.17
10	37	0.99
10	58	0.16
10	66	0.70
15	11	0.82
11	16	0.86
11	42	0.75
82	11	0.30
12	33	0.93
87	12	0.39
12	89	0.99
13	38	0.24
13	51	0.85
96	13	0.68
14	32	0.12
60	14	0.12
69	14	0.67
14	90	0.74
15	74	0.94
83	15	0.81
16	42	0.21
16	56	0.97
25	17	0.05
75	17	0.23
18	30	0.98
18	31	0.40
86	18	0.94
91	18	0.99
69	19	0.60
90	19	0.31
95	19	0.43
78	20	0.13
21	23	0.13
21	43	0.33
21	57	0.46
23	22	0.58
22	79	0.33
81	22	0.04
23	43	0.80
23	55	0.45
24	40	0.76
24	98	0.09
33	25	0.54
88	25	0.20
26	58	0.56
26	66	0.73
26	72	0.07
75	27	0.64
27	87	0.99
27	94	0.27
29	28	0.97
28	37	0.35
54	28	0.29
73	28	0.42
29	36	0.76
29	68	0.80
50	30	0.70
80	30	0.13
30	91	0.01
41	31	0.37
31	50	0.91
31	93	0.06
32	40	0.84
32	48	0.75
32	60	0.26
89	33	0.47
34	44	0.53
45	34	0.80
34	47	0.86
35	53	0.61
35	65	0.12
72	35	0.16
53	36	0.18
36	68	0.20
37	65	0.72
73	37	0.92
38	39	0.09
38	93	0.93
70	39	0.39
39	93	0.48
48	40	0.69
40	60	0.90
50	41	0.92
86	41	0.67
97	41	0.84
67	42	0.76
82	42	0.84
43	47	0.08
57	43	0.89
45	44	0.04
44	47	0.43
47	45	0.62
51	46	0.86
61	46	0.46
46	71	0.17
46	96	0.33
48	60	0.96
49	72	0.39
84	49	0.99
51	71	0.05
74	52	0.51
81	52	0.95
83	52	0.89
52	99	0.40
72	53	0.57
84	53	0.47
54	73	0.28
83	54	0.19
55	64	0.52
85	55	0.33
56	57	0.20
67	56	0.66
58	66	0.87
76	59	0.70
59	77	0.44
80	61	0.69
97	61	0.57
62	63	0.95
62	83	0.18
62	99	0.35
63	74	0.03
63	90	0.30
63	99	0.57
68	64	0.18
85	64	0.45
67	82	0.44
73	69	0.89
90	69	0.06
92	70	0.25
99	74	0.08
75	76	0.17
76	77	0.45
76	94	0.22
88	77	0.63
95	78	0.33
79	81	0.54
92	79	0.12
80	97	0.98
86	85	0.10
86	91	0.43
89	87	0.76
91	96	0.64
