0	44	0.66
61	0	0.63
0	69	0.55
1	6	0.77
1	14	0.34
89	1	0.11
91	1	0.66
2	19	0.88
38	2	0.61
2	68	0.35
17	3	0.29
3	48	0.53
52	3	0.43
4	10	0.63
4	50	0.34
4	80	0.23
4	96	0.13
5	29	0.42
40	5	0.59
5	51	0.76
79	5	0.06
15	6	0.31
32	6	0.89
6	73	0.60
12	7	0.61
30	7	0.34
49	7	0.06
25	8	0.19
8	35	0.77
58	8	1.00
9	22	0.68
9	36	0.57
9	42	0.28
47	10	0.53
10	74	0.65
11	23	0.89
33	11	0.28
11	81	0.77
30	12	0.32
12	49	0.03
13	22	0.48
13	79	0.06
93	13	0.82
14	89	0.01
91	14	0.40
92	14	0.35
15	32	0.06
15	56	0.44
73	15	0.06
16	21	0.76
16	39	0.55
62	16	0.50
78	16	0.55
17	30	0.44
17	65	0.70
87	17	0.32
21	18	0.05
39	18	0.73
62	18	0.01
57	19	0.87
68	19	0.21
20	55	0.64
20	63	0.66
20	66	0.48
39	21	0.63
22	79	0.78
86	22	0.09
23	33	0.51
23	42	0.02
24	31	0.67
24	47	0.57
67	24	0.39
88	24	0.77
25	26	0.33
25	83	0.69
26	83	0.53
95	26	0.04
27	45	0.61
27	77	0.35
92	27	0.19
28	33	0.60
41	28	0.90
69	28	0.86
28	95	0.47
29	34	0.68
86	29	0.91
49	30	0.20
31	67	0.62
88	31	0.36
32	84	0.76
34	79	0.55
34	86	0.90
35	58	0.52
35	88	0.09
42	36	0.26
36	83	0.28
58	37	0.69
37	85	0.69
37	99	0.25
38	70	0.06
97	38	0.53
78	39	0.20
40	51	0.29
40	59	0.61
69	41	0.40
41	73	0.14
41	95	0.19
71	43	0.79
43	89	0.82
93	43	0.31
44	61	0.11
94	44	0.12
74	45	0.08
77	45	0.42
92	45	0.68
65	46	0.32
46	76	0.55
82	46	0.32
74	47	0.81
48	52	0.87
65	48	0.16
87	48	0.26
53	50	0.78
50	80	0.47
51	59	0.84
51	67	0.49
52	87	0.18
57	53	0.39
53	72	0.09
96	53	0.28
71	54	0.94
81	54	0.13
54	82	0.78
64	55	0.35
98	55	0.66
56	73	0.84
84	56	0.33
57	72	0.82
86	59	0.31
60	63	0.29
66	60	0.77
60	90	0.48
84	61	0.53
62	78	0.42
99	62	0.58
66	63	0.89
63	76	0.92
64	84	0.79
64	98	0.71
65	87	0.70
66	76	0.10
67	88	0.62
75	68	0.41
85	70	0.14
70	97	0.48
93	71	0.93
80	72	0.66
96	72	0.59
90	75	0.59
75	94	0.20
77	92	0.41
81	82	0.30
99	85	0.34
91	89	0.63
90	94	0.53
98	97	0.42
