0	18	0.72
58	0	0.71
0	72	0.61
0	119	0.07
0	143	0.93
4	1	0.17
50	1	0.62
1	69	0.47
216	1	0.40
2	49	0.31
101	2	0.16
2	194	0.06
38	3	0.92
3	47	0.47
3	180	0.18
4	69	0.21
4	200	0.69
4	216	0.67
33	5	0.31
5	74	0.41
89	5	0.58
102	5	0.61
207	5	0.20
6	26	0.34
94	6	0.04
229	6	0.49
29	7	0.11
145	7	0.30
7	178	0.57
187	7	0.59
8	16	0.66
8	75	0.58
8	224	0.58
53	9	0.87
9	65	0.39
9	126	0.01
136	9	0.28
9	198	0.87
155	10	0.98
10	166	0.03
10	241	0.17
11	29	0.08
163	11	0.22
11	176	0.83
207	12	0.23
221	12	0.17
12	238	0.40
13	81	0.65
99	13	0.28
13	240	0.89
14	34	0.89
86	14	0.02
124	14	0.46
14	183	0.33
15	97	0.32
112	15	0.40
242	15	0.96
75	16	0.94
224	16	0.46
51	17	0.44
60	17	0.04
17	71	0.34
17	123	0.50
17	149	0.45
23	18	0.95
18	72	0.32
119	18	0.86
18	143	0.21
19	55	0.06
19	90	0.34
19	244	0.89
42	20	0.35
129	20	0.18
20	180	0.08
21	57	0.32
21	141	0.28
142	21	0.61
21	176	0.75
21	222	0.29
58	22	0.50
22	165	0.25
193	22	0.32
201	22	0.48
22	206	0.21
23	80	0.64
111	23	0.43
117	23	0.87
23	146	0.16
91	24	0.58
24	133	0.40
24	162	0.59
25	88	0.79
25	92	0.73
25	160	0.12
164	25	0.49
25	197	0.41
71	26	0.65
26	94	0.14
26	204	0.30
26	229	0.52
32	27	0.45
84	27	0.96
27	125	0.79
27	227	0.75
92	28	0.19
28	144	0.28
28	219	0.55
163	29	0.23
30	104	0.02
169	30	0.26
30	195	0.23
54	31	0.52
168	31	0.81
174	31	0.84
64	32	0.25
125	32	0.14
32	227	0.62
89	33	0.15
90	33	0.66
33	102	0.31
207	33	0.06
86	34	0.50
124	34	0.36
35	122	0.77
35	202	0.55
35	216	0.50
36	50	0.77
56	36	0.56
36	170	0.30
134	37	0.10
164	37	0.56
215	37	0.51
38	180	0.37
189	38	0.45
113	39	0.55
39	228	0.34
234	39	0.09
39	245	0.47
52	40	0.10
40	67	0.03
146	40	0.60
40	148	0.29
48	41	0.83
41	105	0.75
235	41	0.26
246	41	0.72
42	93	0.65
42	129	0.57
42	239	0.88
43	73	0.93
43	83	0.77
43	151	0.99
109	44	0.71
139	44	0.85
44	240	0.14
61	45	0.81
68	45	0.45
131	45	0.99
132	45	0.17
46	134	0.43
46	164	0.05
46	215	0.06
193	47	0.94
225	47	0.02
48	53	0.71
214	48	0.69
48	228	0.10
148	49	0.38
49	156	0.97
194	49	0.11
50	56	0.43
166	51	0.38
243	51	0.49
52	67	0.28
52	204	0.90
65	53	0.64
126	53	0.03
136	53	0.93
54	168	0.16
54	174	0.01
90	55	0.52
55	147	0.49
55	244	0.17
164	56	0.33
57	66	0.20
171	57	0.03
58	165	0.06
58	201	0.46
206	58	0.60
59	103	0.82
59	145	0.89
59	178	0.99
59	187	0.44
59	230	0.64
71	60	0.82
60	123	0.24
60	149	0.11
60	162	0.18
61	118	0.72
61	138	0.43
62	85	0.22
62	127	0.17
62	177	0.09
63	211	0.34
63	212	0.60
217	63	0.56
84	64	0.48
64	227	0.89
65	126	0.08
118	66	0.45
66	171	0.18
148	67	0.84
68	131	0.49
132	68	0.19
69	200	0.06
216	69	0.11
114	70	0.85
154	70	0.72
183	70	0.53
70	184	0.57
232	70	0.88
71	149	0.55
71	179	0.92
72	91	0.15
119	72	0.17
73	83	0.08
73	121	0.57
170	73	0.38
236	73	0.93
74	111	0.75
74	207	0.66
224	75	0.59
93	76	0.46
76	121	0.46
175	76	0.73
88	77	0.47
92	77	0.07
77	197	0.35
78	112	0.72
161	78	0.38
78	236	0.36
96	79	0.21
158	79	0.24
198	79	0.94
79	247	0.21
111	80	0.40
80	117	0.12
146	80	0.61
99	81	0.18
81	240	0.30
82	106	0.74
82	161	0.72
205	82	0.17
170	83	0.06
83	236	0.80
84	125	0.91
84	218	0.14
227	84	0.17
85	127	0.12
223	85	0.27
86	124	0.34
87	173	0.26
87	188	0.89
248	87	0.17
88	92	0.71
197	88	0.97
102	89	0.36
90	147	0.04
90	244	0.88
162	91	0.10
160	92	0.58
175	93	0.02
94	204	0.15
94	229	0.83
95	133	0.69
199	95	0.89
95	213	0.92
230	95	0.33
158	96	0.02
198	96	0.17
96	247	0.33
108	97	0.36
97	160	0.55
161	97	0.51
242	97	0.44
115	98	0.22
98	135	0.71
98	140	0.88
98	149	0.03
98	153	0.05
240	99	0.21
100	181	0.10
182	100	0.94
100	237	0.83
101	156	0.84
101	194	0.14
101	223	0.84
207	102	0.18
103	185	0.28
103	226	0.72
169	104	0.10
104	195	0.06
105	235	0.28
105	239	0.75
246	105	0.62
106	205	0.98
233	106	0.41
152	107	0.09
107	172	0.93
196	107	0.17
126	108	0.14
108	161	0.22
242	108	0.26
139	109	0.73
205	109	0.17
110	119	0.73
110	150	0.23
220	110	0.37
111	117	0.62
146	111	0.27
112	161	0.13
112	219	0.68
242	112	0.03
234	113	0.95
245	113	0.72
116	114	0.24
231	114	0.29
140	115	0.74
153	115	0.77
116	127	0.23
116	231	0.15
117	148	0.42
118	138	0.36
119	143	0.78
166	120	0.71
213	120	0.78
243	120	0.83
121	131	0.25
122	169	0.90
202	122	0.48
157	123	0.79
179	123	0.76
209	123	0.86
124	175	0.76
227	125	0.83
241	125	0.25
136	126	0.98
177	127	0.59
223	127	0.57
128	165	0.65
128	186	0.72
203	128	0.29
129	239	0.01
130	167	0.38
177	130	0.62
199	130	0.69
131	132	0.60
131	171	0.56
133	213	0.92
230	133	0.46
134	215	0.63
139	135	0.23
135	140	0.81
153	135	0.66
208	135	0.54
221	136	0.84
137	142	0.22
137	176	0.32
137	192	0.98
214	138	0.51
140	153	0.53
142	141	0.10
222	141	0.64
176	142	0.01
142	192	0.35
144	212	0.99
219	144	1.00
178	145	0.58
145	184	0.34
145	187	0.60
244	147	0.80
179	149	0.60
150	173	0.26
150	220	0.67
170	151	0.63
236	151	0.74
152	172	0.48
196	152	0.17
159	154	0.64
183	154	0.80
184	154	0.11
155	185	0.79
155	241	0.27
168	156	0.76
194	156	0.31
179	157	0.43
195	157	0.14
158	198	0.37
158	247	0.66
183	159	0.21
184	159	0.78
159	232	0.94
159	244	0.30
160	197	0.29
163	243	0.13
215	164	0.29
201	165	0.02
165	206	0.88
243	166	0.10
199	167	0.64
167	238	0.63
168	174	0.45
170	236	0.61
172	196	0.35
248	173	0.65
176	222	0.59
223	177	0.86
187	178	0.84
178	247	0.71
182	181	0.76
191	181	0.61
237	181	0.58
182	237	0.65
232	183	0.09
226	185	0.21
186	194	0.24
203	186	0.25
188	218	0.93
188	233	0.49
190	189	0.63
208	189	0.92
189	210	0.72
190	208	0.59
190	210	0.86
249	190	0.06
193	191	0.11
225	191	0.69
192	222	0.63
225	193	0.42
196	248	0.52
198	247	0.85
200	216	0.96
226	202	0.08
231	203	0.61
229	204	0.48
210	208	0.77
221	209	0.27
238	209	0.45
211	212	0.46
217	211	0.80
212	217	0.13
230	213	0.31
228	214	0.33
249	214	0.57
233	218	0.93
220	222	0.36
238	221	0.10
228	249	0.32
234	245	0.01
235	246	0.15
