0	17	0.21
79	0	0.86
0	94	0.12
0	118	0.22
1	41	0.75
115	1	0.07
189	1	0.12
1	196	0.17
103	2	0.99
2	104	0.69
135	2	0.03
2	198	0.35
106	3	0.75
3	114	0.02
3	151	0.04
4	97	0.61
4	191	0.03
4	235	0.31
12	5	0.60
5	219	0.62
221	5	0.44
84	6	0.43
120	6	0.43
6	147	0.27
148	6	0.41
242	6	0.84
59	7	0.37
77	7	0.03
7	96	0.28
57	8	0.71
8	126	0.86
8	216	0.77
9	49	0.79
112	9	0.10
9	192	0.03
10	82	0.70
205	10	0.03
10	215	0.45
40	11	0.10
11	91	0.67
11	150	0.03
12	131	0.46
210	12	0.64
12	219	0.60
240	12	0.37
49	13	0.36
13	76	0.26
13	122	0.99
80	14	0.43
14	90	0.20
14	165	0.82
128	15	0.83
159	15	0.70
15	169	0.13
15	206	0.81
166	16	0.94
174	16	0.52
237	16	0.96
79	17	0.26
94	17	0.13
243	17	0.45
17	248	0.19
18	23	0.91
18	47	0.12
78	18	0.07
18	223	0.39
34	19	0.85
19	92	0.65
19	137	0.26
20	66	0.01
20	132	0.53
137	20	0.33
178	20	0.24
20	195	0.56
21	43	0.88
21	71	0.18
214	21	0.22
22	57	0.76
22	126	0.11
136	22	0.59
23	47	0.23
78	23	0.31
175	23	0.98
23	223	0.71
24	62	0.44
178	24	0.40
221	24	0.08
25	145	0.95
164	25	0.01
25	212	0.79
26	104	0.99
26	139	0.40
26	161	0.49
26	181	0.84
39	27	0.60
27	63	0.61
123	27	0.69
27	237	0.88
28	84	0.79
28	120	0.06
242	28	0.06
85	29	0.95
29	163	0.06
29	193	0.35
136	30	0.02
30	158	0.74
30	162	0.76
217	30	0.19
31	99	0.48
210	31	0.45
31	211	0.72
85	32	0.44
176	32	0.47
209	32	0.68
110	33	0.09
200	33	0.84
33	212	0.03
156	34	0.68
168	34	0.76
35	92	0.69
168	35	0.77
201	35	0.37
38	36	0.06
36	65	0.42
36	68	0.82
36	153	0.08
36	154	0.84
105	37	0.32
37	128	1.00
160	37	0.52
153	38	0.76
154	38	0.48
38	246	0.97
63	39	0.05
93	39	0.10
40	91	0.57
150	40	0.29
41	189	0.67
196	41	0.93
42	121	0.28
203	42	0.37
42	234	0.90
246	42	0.47
43	140	0.87
197	43	0.79
218	43	0.21
43	241	0.76
44	50	0.75
44	61	0.06
44	144	0.75
44	158	0.31
44	186	0.26
176	45	0.69
201	45	0.33
45	238	0.62
53	46	0.63
56	46	0.25
83	46	0.22
204	46	0.37
47	78	0.19
47	165	0.82
48	106	0.80
114	48	0.34
119	48	0.70
48	208	0.20
192	49	0.49
50	61	0.87
143	50	0.51
50	186	0.28
57	51	0.85
51	73	0.10
133	51	0.31
67	52	0.49
52	108	0.54
52	182	0.80
113	53	0.34
152	53	0.24
172	53	0.14
54	98	0.38
54	164	0.65
209	54	0.15
55	58	0.47
55	179	0.41
238	55	0.45
56	83	0.01
204	56	0.75
57	126	0.74
58	92	0.47
179	58	0.75
59	77	0.54
59	87	0.82
59	190	0.23
60	100	0.32
60	109	0.32
227	60	0.15
60	229	0.59
61	186	0.12
62	214	0.44
62	221	0.07
63	123	0.74
64	123	0.38
64	136	0.28
64	162	0.99
64	217	0.27
64	220	0.68
153	65	0.19
154	65	0.78
66	127	0.36
66	157	0.67
174	66	0.20
66	213	0.89
177	67	0.96
67	182	0.17
230	68	0.99
68	239	0.26
86	69	0.80
102	69	0.69
124	69	0.37
155	69	0.14
70	92	0.69
156	70	0.02
70	168	0.22
71	214	0.36
71	247	0.90
87	72	0.11
72	116	0.38
72	118	0.43
133	73	0.82
245	73	0.18
74	175	0.68
74	179	0.28
194	74	0.67
108	75	0.87
75	194	0.46
207	75	0.17
117	76	0.80
122	76	0.09
77	142	0.43
77	190	0.48
113	78	0.99
78	223	0.31
94	79	0.96
163	79	0.58
243	79	0.42
80	90	0.10
165	80	0.72
81	174	0.58
232	81	0.40
237	81	0.22
82	186	0.08
82	205	0.14
83	204	0.38
94	84	0.99
120	84	0.01
85	176	0.04
86	166	0.22
86	174	0.90
232	86	0.53
87	88	0.58
116	87	0.97
87	118	0.29
88	116	0.98
88	118	0.28
170	89	0.56
89	171	0.33
202	89	0.02
165	90	0.90
90	219	0.86
91	122	0.66
150	91	0.64
156	92	1.00
141	93	0.94
93	231	0.79
94	243	0.35
95	138	0.18
175	95	0.01
95	185	0.53
194	95	0.11
249	95	0.20
190	96	0.22
96	226	0.33
191	97	0.59
97	235	0.06
109	98	0.03
209	98	0.80
210	99	0.66
99	211	0.47
99	218	0.05
100	109	0.22
100	227	0.19
229	100	0.89
100	236	0.87
129	101	0.79
101	184	0.28
101	199	0.89
101	233	0.22
102	124	0.47
155	102	0.45
103	104	0.08
103	135	0.85
198	103	0.82
103	229	0.94
104	135	0.98
104	198	0.28
107	105	0.06
105	160	0.42
114	106	0.92
119	106	0.15
107	141	0.37
231	107	0.59
207	108	0.16
109	227	0.65
229	109	0.60
200	110	0.87
212	110	0.77
111	146	0.76
111	148	0.77
181	111	0.76
112	130	0.31
183	112	0.09
112	187	0.11
113	152	0.10
172	113	0.87
119	114	0.62
121	114	0.37
166	115	0.89
189	115	0.71
130	117	0.83
183	117	0.19
118	170	0.70
120	147	0.95
121	246	0.64
123	145	0.26
124	155	0.79
127	125	0.26
157	125	0.01
213	125	0.57
127	131	0.95
127	157	0.18
213	127	0.83
169	128	0.82
206	128	0.68
184	129	0.06
129	199	0.61
233	129	0.14
183	130	0.80
187	130	0.64
207	130	0.14
219	131	0.58
131	240	0.04
132	137	0.91
195	132	0.44
133	200	0.14
134	159	0.62
160	134	0.53
173	134	0.92
134	180	0.89
134	188	0.01
135	198	0.45
162	136	0.83
136	217	0.08
178	137	0.72
137	195	0.37
172	138	0.72
185	138	0.70
249	138	0.96
139	146	0.62
139	148	0.35
140	144	0.21
177	140	0.35
141	167	0.28
231	141	0.15
224	142	0.29
248	142	0.74
143	208	0.14
143	225	0.89
177	144	0.10
164	145	0.24
146	161	0.71
147	242	0.16
161	148	0.41
181	148	0.57
149	151	0.84
149	182	0.06
215	149	0.36
215	151	0.39
152	172	0.27
154	153	0.77
192	156	0.06
213	157	0.53
186	158	0.15
159	188	0.18
162	193	0.34
220	162	0.91
193	163	0.58
232	166	0.64
237	166	0.04
167	197	0.07
167	218	0.06
245	167	0.22
247	167	0.78
169	173	0.75
169	206	0.31
170	171	0.71
170	202	0.02
228	170	0.89
228	171	0.59
173	180	0.73
188	173	0.29
185	175	0.02
175	194	0.88
180	188	0.48
181	213	0.15
183	187	0.07
191	183	0.43
184	199	0.84
242	184	0.54
196	189	0.11
190	226	0.52
244	190	0.72
235	191	0.97
249	194	0.55
197	247	0.76
249	198	0.21
233	199	0.56
200	212	0.36
238	201	0.75
202	228	0.19
203	232	0.77
234	203	0.08
246	203	0.32
205	239	0.97
208	222	0.89
208	225	0.51
211	210	0.14
236	216	0.37
244	216	0.28
217	220	0.12
241	218	0.85
219	240	0.05
222	225	0.86
222	241	0.09
226	224	0.90
248	224	0.07
230	227	0.01
239	230	0.26
246	234	0.08
244	236	0.59
241	245	0.59
247	245	0.65
