0	201	0.51
226	0	0.17
0	236	0.16
1	14	0.81
1	54	0.98
178	1	0.15
216	1	0.43
2	13	0.80
37	2	0.59
2	176	0.61
121	3	0.88
3	202	0.99
219	3	0.33
4	44	0.05
4	77	0.33
4	85	0.65
4	167	0.84
4	175	0.84
22	5	0.63
5	137	0.90
165	5	0.55
36	6	0.26
43	6	0.69
6	61	0.70
32	7	0.10
134	7	0.10
149	7	0.11
237	7	0.06
8	15	0.78
65	8	0.43
8	218	0.56
9	57	0.54
9	73	0.47
149	9	0.95
9	161	0.53
9	194	0.81
46	10	0.12
10	119	0.33
130	10	0.46
10	192	0.82
11	112	0.70
11	122	0.75
127	11	0.92
11	159	0.78
227	11	0.42
16	12	0.97
12	84	0.81
12	167	0.10
37	13	0.98
13	111	0.32
13	117	0.04
176	13	0.63
54	14	0.59
14	178	0.31
14	216	0.58
246	14	0.32
209	15	0.46
218	15	0.85
48	16	0.79
167	16	0.49
50	17	0.18
17	104	0.09
17	153	0.19
17	234	0.52
249	17	0.45
18	114	0.52
124	18	0.48
18	193	0.50
18	215	0.33
18	244	0.53
19	43	0.41
58	19	0.69
61	19	0.46
19	240	0.55
20	36	0.17
20	47	0.05
61	20	0.91
20	108	0.67
20	224	0.82
148	21	0.66
21	162	0.95
217	21	0.82
137	22	0.88
22	165	0.98
22	234	0.75
95	23	0.19
201	23	0.10
23	243	0.14
123	24	0.20
24	165	0.89
24	214	0.52
25	30	0.68
25	98	0.74
25	186	0.17
44	26	0.14
26	96	0.14
189	26	0.16
26	210	0.40
27	50	0.71
27	59	0.12
138	27	0.65
148	28	0.73
28	177	0.41
28	235	0.83
242	28	0.83
29	90	0.66
29	128	0.55
211	29	0.62
30	98	0.14
168	30	0.10
30	237	0.04
52	31	0.63
53	31	0.06
79	31	0.87
91	32	0.87
124	32	0.81
32	134	0.32
237	32	0.66
117	33	0.15
33	193	0.92
215	33	0.69
51	34	0.22
92	34	0.46
34	166	0.48
34	203	0.95
34	239	0.83
35	155	0.90
169	35	0.98
35	214	0.25
47	36	0.64
94	36	0.23
108	36	0.47
37	111	0.82
118	37	0.13
176	37	0.31
38	68	0.87
139	38	0.24
38	181	0.95
230	38	0.25
38	245	0.54
68	39	0.05
39	135	0.22
156	39	0.72
39	198	0.49
231	39	0.32
140	40	0.80
40	179	0.45
40	228	0.19
41	62	0.77
41	109	0.67
41	246	0.46
42	132	1.00
184	42	0.45
213	42	0.84
42	222	0.96
58	43	0.90
61	43	0.17
77	44	0.67
59	45	0.38
45	158	0.22
45	233	0.95
46	69	0.78
89	46	0.43
130	46	0.18
46	192	0.71
86	47	0.40
47	94	0.09
108	47	0.38
48	185	0.32
240	48	0.04
49	113	0.86
141	49	0.43
160	49	0.38
49	171	0.38
49	247	0.04
59	50	0.96
79	51	0.17
166	51	0.26
52	53	0.55
52	79	0.61
92	52	0.89
53	79	0.45
54	216	0.45
63	55	0.39
55	116	0.65
184	55	0.70
55	225	0.69
56	205	0.05
241	56	0.55
56	249	0.17
57	62	0.94
57	149	0.97
57	161	0.55
58	61	0.74
125	60	0.63
60	159	0.42
60	229	0.20
62	109	0.83
62	246	0.02
63	184	0.52
63	225	0.68
64	71	0.46
64	82	0.29
64	83	0.31
64	183	0.65
208	64	0.24
157	65	0.02
65	218	0.93
66	87	0.88
144	66	0.38
66	154	0.11
205	66	0.37
67	82	0.75
129	67	0.33
67	190	0.79
199	67	0.44
135	68	0.68
156	68	0.25
198	68	0.36
69	89	0.72
130	69	0.62
70	129	0.52
70	200	0.89
70	231	0.04
161	71	0.04
71	183	0.65
71	208	0.78
106	72	0.82
117	72	0.40
72	121	0.74
73	170	0.36
232	73	0.60
101	74	1.00
74	105	0.02
212	74	0.98
96	75	0.51
131	75	0.39
75	203	0.53
76	139	0.07
181	76	0.40
76	195	0.98
202	76	0.52
230	76	0.32
85	77	0.54
77	175	0.35
152	78	0.01
78	224	0.99
241	78	0.99
110	80	0.66
80	157	0.35
80	219	0.20
80	248	0.89
141	81	0.19
188	81	0.23
81	217	0.54
81	232	0.93
81	238	0.64
129	82	0.78
82	190	0.58
199	82	0.65
83	173	0.25
83	180	0.31
83	209	0.68
97	84	0.29
84	142	0.92
169	85	0.20
175	85	0.52
86	133	0.23
86	174	0.88
182	86	0.17
144	87	0.38
154	87	0.51
88	145	0.27
88	147	0.83
88	223	0.41
119	89	0.21
89	130	0.52
128	90	0.72
211	90	0.73
134	91	0.59
91	194	0.93
237	91	0.69
92	166	0.71
239	92	0.25
138	93	0.39
164	93	0.82
93	228	0.44
94	108	0.41
95	173	0.44
95	243	0.88
189	96	0.99
96	210	0.83
142	97	0.87
97	168	0.91
98	168	0.07
99	103	0.95
99	143	0.22
150	99	0.10
100	126	0.65
100	136	0.73
207	100	0.21
101	105	0.29
101	204	0.40
101	212	0.43
156	102	0.87
102	187	0.56
198	102	0.02
143	103	0.97
103	150	0.04
183	103	0.94
220	103	0.50
104	153	0.99
207	104	0.01
234	104	0.09
249	104	0.02
105	204	0.26
105	212	0.06
121	106	0.08
106	132	0.10
115	107	0.97
107	172	0.35
107	186	0.97
197	107	0.52
196	109	0.85
246	109	0.04
157	110	0.15
248	110	0.52
176	111	0.91
225	111	0.79
112	122	0.50
112	127	0.15
112	182	0.84
112	227	0.30
113	160	0.32
166	113	0.52
171	113	0.56
247	113	0.27
114	124	0.57
114	193	0.26
172	115	0.59
186	115	0.96
197	115	0.01
191	116	0.97
116	196	0.26
124	117	0.04
215	117	0.70
120	118	0.81
136	118	0.64
146	118	0.45
118	221	0.42
119	143	0.95
192	119	0.68
120	146	0.06
120	221	0.25
198	122	0.62
227	122	0.73
123	151	0.07
123	206	0.83
123	214	0.66
215	124	0.59
125	159	0.07
193	125	0.69
125	229	0.61
204	126	0.61
207	126	0.77
227	127	0.13
128	211	0.20
128	236	0.90
130	168	0.44
142	131	0.13
131	203	0.56
213	132	0.78
222	132	0.84
174	133	0.71
133	182	0.04
134	237	0.71
187	135	0.87
145	136	1.00
136	146	0.63
136	221	0.70
165	137	0.43
164	138	0.45
139	152	0.32
139	195	0.23
245	139	0.52
179	140	0.18
140	228	0.08
238	141	0.16
150	143	0.32
200	144	0.03
152	145	0.11
145	224	0.03
146	221	0.61
238	146	0.80
150	147	0.73
223	147	0.27
162	148	0.20
149	161	0.94
149	194	0.20
220	150	0.01
206	151	0.54
151	214	0.57
152	224	0.56
153	234	0.61
154	188	0.52
244	154	0.01
169	155	0.93
155	206	0.73
187	156	0.43
248	157	0.19
158	160	0.77
158	233	0.17
159	229	0.94
160	171	0.89
247	160	0.19
161	194	0.86
185	162	0.06
183	163	0.03
163	192	0.67
208	163	0.46
245	164	0.47
239	166	0.39
170	188	0.11
232	170	0.07
191	172	0.69
172	197	0.78
180	173	0.83
173	209	0.54
174	182	0.91
223	174	0.94
211	175	0.26
177	235	0.18
177	242	0.42
178	187	0.85
216	178	0.88
228	179	0.28
233	179	0.25
180	209	0.81
195	181	0.14
183	208	0.94
184	235	0.60
185	240	0.51
197	186	0.20
217	188	0.71
238	188	0.24
210	189	0.89
199	190	0.17
196	191	0.95
195	199	0.54
245	195	0.29
197	232	0.11
231	200	0.59
226	201	0.26
236	201	0.07
244	201	0.70
202	219	0.54
212	204	0.45
205	241	0.25
213	222	0.16
216	220	0.72
217	232	0.39
217	238	0.28
221	243	0.45
236	226	0.13
230	245	0.48
249	234	0.36
235	242	0.78
236	244	0.01
