0	21	0.96
81	0	0.72
0	203	0.27
1	4	0.73
1	15	0.06
87	1	0.92
121	2	0.90
2	163	0.10
247	2	0.72
3	113	0.45
215	3	0.52
3	238	0.30
239	3	0.11
4	123	0.90
4	143	0.03
4	224	0.03
5	73	0.43
5	180	0.05
197	5	0.04
6	84	0.73
230	6	0.97
232	6	0.53
65	7	0.73
7	76	0.46
99	7	0.29
91	8	0.79
151	8	0.13
197	8	0.31
9	124	0.92
209	9	0.78
9	240	0.78
10	52	0.99
10	129	0.60
229	10	0.85
11	28	0.42
11	139	0.67
246	11	0.27
12	70	0.05
95	12	0.07
12	108	0.77
13	92	0.23
13	101	0.50
150	13	0.17
13	185	0.61
200	13	0.97
38	14	0.02
14	105	0.17
14	211	0.51
237	14	0.90
15	87	0.43
15	108	0.49
134	16	0.11
158	16	0.71
16	189	0.49
17	98	0.96
137	17	0.66
153	17	0.42
154	17	0.23
78	18	0.23
91	18	0.39
149	18	0.68
18	157	0.87
19	56	0.38
19	147	0.81
248	19	0.39
20	137	0.71
153	20	0.97
20	243	0.52
21	81	0.23
21	203	0.03
22	23	0.08
199	22	0.02
228	22	0.11
23	107	0.46
23	228	0.93
24	49	0.99
144	24	0.78
24	205	0.10
25	109	0.39
114	25	0.92
25	212	0.93
75	26	0.76
128	26	0.92
26	184	0.25
26	213	0.59
55	27	0.63
82	27	0.43
27	135	0.69
154	27	0.73
27	177	0.01
28	42	0.86
28	54	0.49
28	194	0.32
29	48	0.65
167	29	0.78
29	202	0.63
233	29	0.75
30	34	0.06
30	155	0.46
30	165	0.53
165	31	0.02
208	31	0.77
31	242	0.54
32	110	0.15
152	32	0.91
32	153	0.42
32	216	0.74
35	33	0.97
33	95	0.01
205	33	0.15
34	74	0.01
130	34	0.10
170	34	0.94
204	34	0.95
95	35	0.60
249	35	0.45
36	70	0.49
113	36	0.78
215	36	0.09
36	221	0.64
69	37	0.64
115	37	0.66
162	37	0.28
37	223	0.61
38	105	0.02
38	211	0.50
38	215	0.75
237	38	0.84
39	49	0.44
94	39	0.24
122	39	0.14
138	39	0.05
39	191	0.81
96	40	0.69
124	40	0.25
40	140	0.13
145	40	0.02
40	207	0.36
85	41	0.95
41	146	0.13
225	41	0.51
42	54	0.22
194	42	0.87
43	62	0.43
89	43	0.14
119	43	0.53
43	166	0.71
44	65	0.08
44	112	0.96
44	178	0.59
45	75	0.23
45	80	0.27
103	45	0.06
227	45	0.97
46	74	0.47
109	46	0.21
114	46	0.96
212	46	0.80
148	47	0.13
47	206	0.38
47	236	0.58
47	238	0.85
167	48	1.00
202	48	0.45
49	94	0.21
138	49	0.47
49	191	0.24
90	50	0.59
50	179	0.16
194	50	0.10
50	229	0.76
133	51	0.02
191	51	0.35
51	233	0.21
52	116	0.44
129	52	0.90
134	53	0.82
159	53	0.39
53	180	0.52
53	210	0.16
217	53	0.73
54	117	0.13
54	194	0.47
82	55	0.13
55	135	0.22
162	55	0.71
55	177	0.80
56	147	0.75
187	56	0.73
56	248	0.71
57	71	0.01
57	86	0.96
57	174	0.07
57	186	0.92
219	57	0.37
58	135	0.95
58	156	0.82
58	169	0.67
58	244	0.23
59	111	0.35
59	116	0.14
59	218	0.66
60	69	0.29
60	127	0.49
60	149	0.10
97	61	0.71
100	61	0.91
61	164	0.37
61	218	0.14
89	62	0.58
62	166	0.39
118	63	0.17
63	175	0.07
198	63	0.23
64	125	0.47
172	64	0.46
209	64	0.07
112	65	0.80
118	66	0.53
66	131	0.82
198	66	0.37
67	117	0.37
67	136	0.65
67	195	0.57
130	68	0.07
68	235	0.99
68	239	0.40
127	69	0.44
108	70	0.68
71	86	0.39
71	146	0.85
186	71	0.69
161	72	0.15
72	168	0.09
178	72	0.32
81	73	0.62
197	73	0.35
74	130	0.92
74	170	0.97
204	74	0.78
75	128	0.54
182	75	0.05
213	75	0.16
83	76	0.58
76	99	0.83
120	77	0.01
77	161	0.77
173	77	0.26
79	78	0.15
78	149	0.01
78	157	0.75
79	155	0.53
157	79	0.73
103	80	0.57
80	187	0.52
80	227	0.01
81	203	0.30
177	82	0.37
83	93	0.83
98	83	0.72
84	172	0.86
84	230	0.38
84	232	0.17
146	85	0.47
85	156	0.38
174	86	0.29
186	86	0.03
87	188	0.52
88	104	0.82
122	88	0.41
190	88	0.25
115	89	0.11
89	119	0.76
89	166	0.24
90	93	0.34
132	90	0.52
90	229	0.80
151	91	0.88
101	92	0.35
150	92	0.64
92	200	0.30
247	92	0.17
93	98	0.51
191	94	0.93
107	96	0.81
140	96	0.80
96	145	0.01
96	207	0.28
97	105	0.20
97	164	0.30
206	99	0.53
100	164	0.83
218	100	0.62
101	150	0.19
101	200	0.94
102	170	0.83
102	192	0.23
240	102	0.66
103	187	0.17
103	227	0.84
122	104	0.45
104	190	0.71
104	214	0.16
104	220	0.01
211	105	0.03
105	237	0.99
131	106	0.49
188	106	0.51
106	192	0.97
228	107	0.10
114	109	0.21
110	152	0.31
216	110	0.79
116	111	0.78
118	111	0.19
112	140	0.98
113	126	0.97
215	113	0.67
113	221	0.05
212	114	0.30
115	162	0.25
115	223	0.68
195	117	0.43
175	118	0.71
198	118	0.05
139	119	0.52
161	120	0.21
173	120	0.68
163	121	0.03
121	185	0.94
121	198	0.19
121	247	0.50
122	190	0.58
122	214	0.14
143	123	0.35
245	123	0.38
209	124	0.69
125	172	0.39
125	244	0.83
136	126	0.73
138	126	0.17
183	126	0.80
245	126	0.46
127	223	0.84
213	128	0.75
222	129	0.84
177	130	0.78
204	130	0.31
188	131	0.38
132	179	0.06
132	229	0.36
182	133	0.86
133	184	1.00
133	233	0.98
158	134	0.34
189	134	0.85
136	183	0.39
136	193	0.60
136	245	0.79
142	137	0.48
138	181	0.64
191	138	0.45
139	246	0.59
145	140	0.54
171	141	0.52
201	141	0.40
141	225	0.39
141	231	0.26
142	153	0.29
154	142	0.46
142	243	0.58
177	143	0.64
224	143	0.19
205	144	0.91
144	227	0.71
145	168	0.72
207	145	0.39
248	147	0.98
148	190	0.73
148	206	0.54
219	148	0.09
238	148	0.62
149	157	0.43
150	200	0.48
195	151	0.75
166	152	0.07
152	216	0.69
243	153	0.03
243	154	0.52
165	155	0.87
169	156	0.11
156	244	0.20
157	208	0.54
189	158	0.38
226	158	0.87
180	159	0.91
210	159	0.21
159	217	0.68
160	196	0.22
201	160	0.62
234	160	0.67
161	173	0.92
163	185	0.11
163	247	0.81
164	218	0.26
202	167	0.68
178	168	0.34
169	244	0.58
204	170	0.99
225	171	0.46
171	231	0.29
174	186	0.99
175	198	0.37
176	220	0.86
222	176	0.03
176	241	0.80
229	179	0.12
210	180	0.57
180	217	0.62
199	181	0.55
226	181	0.60
213	182	0.91
183	186	0.85
193	183	0.13
245	183	0.28
184	233	0.88
247	185	0.65
189	246	0.23
190	214	0.07
240	192	0.59
245	193	0.03
196	201	0.26
196	210	0.01
196	234	0.57
226	199	0.66
217	200	0.27
234	201	0.72
206	238	0.64
242	208	0.99
208	249	0.03
210	217	0.91
211	219	0.05
221	215	0.35
238	219	0.43
222	220	0.22
241	220	0.17
237	222	0.71
235	224	0.88
225	231	0.79
232	230	0.69
232	241	0.10
236	235	0.47
239	235	0.08
239	236	0.02
249	242	0.31
