0	43	0.74
58	0	0.66
0	90	0.68
0	173	0.28
0	236	0.69
112	1	0.22
136	1	0.59
1	233	0.79
249	1	0.12
2	48	0.47
129	2	0.71
2	167	0.68
123	3	0.30
3	170	0.02
3	231	0.87
4	70	0.25
4	71	0.17
4	111	0.91
124	4	0.42
4	155	0.79
88	5	0.94
99	5	0.51
187	5	0.80
6	97	0.64
139	6	0.31
149	6	0.34
202	6	0.16
62	7	0.78
7	106	0.70
216	7	0.95
8	44	0.39
8	201	0.05
8	233	0.26
54	9	0.28
9	91	0.44
9	199	0.92
42	10	0.38
10	56	0.16
116	10	0.10
11	39	0.59
11	84	0.98
11	100	0.04
228	11	0.23
11	237	0.44
63	12	0.13
195	12	0.59
12	204	0.79
13	24	0.42
119	13	0.58
13	147	0.33
14	45	0.28
100	14	0.10
191	14	0.52
15	68	0.99
15	194	0.37
200	15	0.58
69	16	0.51
118	16	0.39
166	16	0.94
18	17	0.71
130	17	0.25
17	168	0.73
17	240	0.58
18	75	0.64
168	18	0.59
18	240	0.53
37	19	0.53
19	128	0.18
19	215	0.28
20	32	0.67
20	122	0.63
237	20	0.49
38	21	0.26
21	105	0.99
21	241	0.23
22	85	0.84
96	22	0.09
22	132	0.41
23	82	0.12
153	23	0.84
23	176	0.97
49	24	0.91
73	24	0.42
24	169	0.39
24	242	0.46
172	25	0.84
191	25	0.58
25	213	0.27
243	25	0.33
26	143	0.35
26	183	0.94
26	184	0.16
26	205	0.48
27	50	0.53
62	27	0.82
27	98	0.63
104	27	0.68
27	179	0.93
28	137	0.74
28	138	0.31
158	28	0.24
48	29	0.95
29	61	0.48
29	89	0.37
52	30	0.24
30	70	0.22
30	98	0.41
38	31	0.45
31	40	0.21
123	31	0.77
31	139	0.29
218	31	0.37
121	32	0.43
122	32	0.36
80	33	0.44
113	33	0.98
33	214	0.41
235	33	0.54
35	34	0.58
34	67	0.06
142	34	0.96
190	34	0.51
67	35	0.71
35	142	0.62
35	211	0.14
36	37	0.86
36	131	0.10
148	36	0.89
36	174	0.64
175	36	0.34
131	37	0.35
148	37	0.32
38	105	0.89
84	39	0.90
237	39	0.85
40	123	0.48
153	40	0.08
40	218	0.92
99	41	0.60
41	101	0.55
126	41	0.55
42	56	1.00
116	42	0.09
42	224	0.31
102	43	0.41
193	43	0.04
43	248	0.45
44	201	0.23
44	211	0.84
44	223	0.02
45	87	0.67
45	100	0.65
88	46	0.72
106	46	0.08
46	222	0.56
144	47	0.90
219	47	0.74
234	47	0.39
61	48	0.82
48	89	0.01
49	73	0.60
49	169	0.13
242	49	0.74
98	50	0.06
50	148	0.40
179	50	0.67
50	208	0.54
53	51	0.83
51	108	0.54
165	51	0.80
52	65	0.22
70	52	0.89
229	52	0.13
53	149	0.82
53	165	0.56
117	54	0.01
159	54	0.23
244	54	0.67
55	101	0.42
55	126	0.74
177	55	0.17
55	192	0.62
55	238	0.62
115	56	0.15
56	116	0.92
157	57	0.75
57	164	0.54
57	221	0.40
59	58	0.41
58	74	0.34
58	171	0.32
58	181	0.26
59	171	0.54
59	181	0.77
86	60	0.82
60	136	0.22
60	146	0.56
61	89	0.21
62	216	0.85
63	195	0.49
63	204	0.41
64	69	0.97
64	77	0.84
64	118	0.82
65	70	0.77
74	65	0.15
229	65	0.96
66	90	0.21
66	173	0.77
214	66	0.57
66	236	0.91
167	67	0.26
68	194	0.34
200	68	0.58
68	207	0.33
118	69	0.25
229	70	0.72
124	71	0.84
134	71	0.63
71	155	0.44
130	72	0.02
72	215	0.92
72	247	0.56
73	169	0.54
181	74	0.45
75	210	0.88
75	232	0.52
125	76	0.61
184	76	0.46
76	189	0.69
77	88	0.75
222	77	0.47
103	78	0.26
78	219	0.82
220	78	0.14
123	79	0.69
187	79	0.80
79	218	0.73
80	113	0.17
214	80	0.97
80	235	0.49
114	81	0.36
187	81	0.40
226	81	0.60
82	167	0.59
207	82	0.93
83	120	0.06
150	83	0.25
157	83	0.82
83	160	0.78
83	161	0.49
84	228	0.82
96	85	0.63
185	85	0.71
86	146	0.16
86	154	0.36
86	190	0.26
130	87	0.31
87	247	0.26
106	88	0.35
88	222	0.26
90	173	0.69
90	236	0.62
197	91	0.16
91	199	0.19
206	91	0.17
223	91	0.52
92	152	0.20
92	245	0.64
246	92	0.23
95	93	0.15
145	93	0.96
93	161	0.58
94	128	0.50
94	188	0.31
209	94	0.60
95	145	0.24
208	95	0.82
175	96	0.73
139	97	0.41
97	149	0.04
202	97	0.44
98	104	0.03
179	98	0.80
126	99	0.81
110	101	0.11
101	177	0.38
101	192	0.27
102	193	0.62
102	248	0.21
134	103	0.65
103	219	0.01
220	103	0.65
104	179	0.72
105	162	0.81
106	222	0.48
107	151	0.79
203	107	0.73
107	217	0.92
108	178	0.15
198	108	0.73
108	212	0.16
108	230	0.94
109	115	0.61
163	109	0.49
109	198	0.30
182	110	0.71
227	110	0.42
111	124	0.72
210	111	0.17
136	112	0.22
112	249	0.95
173	113	0.84
235	113	0.90
140	114	0.84
114	224	0.42
115	163	0.98
195	116	0.70
117	159	0.26
220	117	0.98
117	244	0.34
119	147	0.20
181	119	0.44
150	120	0.39
161	120	0.86
122	121	0.47
129	121	0.48
235	122	0.72
218	123	0.32
125	146	0.01
125	184	0.62
127	133	0.88
127	162	0.61
127	190	0.64
225	127	0.22
246	127	0.01
215	128	0.48
129	167	0.64
129	207	0.70
180	130	0.59
247	130	0.17
148	131	0.03
166	132	0.04
132	185	0.21
239	132	0.12
162	133	0.94
190	133	0.35
206	133	0.14
225	133	0.53
134	219	0.79
135	189	0.37
196	135	0.93
135	213	0.32
135	231	0.05
249	136	0.88
138	137	0.32
137	158	0.49
137	237	0.36
138	158	0.50
149	139	0.79
139	202	0.34
147	140	0.47
140	224	0.03
156	141	0.57
174	141	0.42
186	141	0.87
141	241	0.81
142	180	0.43
142	182	0.84
183	143	0.37
143	205	0.23
227	143	0.92
156	144	0.73
234	144	0.44
145	203	0.54
145	208	0.13
154	146	0.37
202	149	0.81
150	160	0.20
150	161	0.55
203	151	0.85
217	151	0.76
152	222	0.49
152	246	0.41
176	153	0.73
164	154	0.83
155	170	0.60
174	156	0.52
186	156	0.06
241	156	0.11
164	157	0.16
157	221	0.52
158	199	0.09
244	159	0.17
247	159	0.67
161	160	0.42
245	160	0.04
162	225	0.03
163	230	0.55
221	164	0.38
176	165	0.53
166	185	0.02
166	197	0.41
166	239	0.21
167	207	0.60
240	168	0.16
226	169	0.04
169	242	0.02
231	170	0.65
181	171	0.32
172	191	0.11
172	243	0.93
174	241	0.10
175	229	0.33
178	177	0.98
177	192	0.56
238	177	0.95
198	178	0.72
179	192	0.64
247	180	0.94
227	182	0.95
205	183	0.60
185	197	0.82
239	185	0.57
241	186	0.01
187	226	0.37
209	188	0.53
188	243	0.72
189	196	0.53
213	189	0.10
225	190	0.96
191	243	0.06
192	238	0.13
193	248	0.27
200	194	0.64
204	195	0.16
213	196	0.92
198	230	0.88
206	199	0.35
199	223	0.41
201	211	0.09
201	233	0.67
217	203	0.75
223	206	0.28
218	209	0.67
232	210	0.27
216	212	0.55
230	212	0.87
214	235	0.94
220	219	0.19
221	234	0.60
232	225	0.83
237	228	0.06
246	245	0.49
