0	49	0.64
181	0	0.89
0	183	0.74
1	19	0.90
1	127	0.58
146	1	0.49
202	1	0.98
2	29	0.75
105	2	0.67
2	184	0.35
233	2	0.54
2	245	0.16
68	3	0.22
3	174	0.14
3	186	0.13
4	38	0.58
4	94	0.92
4	217	0.45
230	4	0.17
4	233	0.98
77	5	0.21
95	5	0.99
179	5	0.55
5	237	0.82
84	6	0.01
100	6	0.23
103	6	0.13
202	6	0.77
7	55	0.82
142	7	0.75
7	164	0.38
8	65	0.37
8	83	0.17
224	8	0.50
8	232	0.98
9	153	0.04
175	9	0.40
9	246	0.73
22	10	0.52
10	50	0.17
10	52	0.76
10	170	0.19
188	10	0.52
11	16	0.29
182	11	0.12
228	11	0.59
12	70	0.02
12	78	0.79
109	12	0.31
12	153	0.14
13	82	0.77
199	13	0.81
216	13	0.94
14	88	0.58
14	116	0.84
118	14	0.04
208	14	0.68
45	15	0.36
85	15	0.68
98	15	0.42
140	15	0.60
15	198	0.26
16	119	0.24
16	131	0.56
165	16	0.15
17	144	0.08
168	17	0.25
17	210	0.16
18	40	0.35
18	187	0.41
18	236	0.46
99	19	0.18
127	19	0.56
20	27	0.89
20	248	0.10
20	249	0.56
60	21	0.71
21	135	0.22
21	197	0.76
50	22	0.98
22	52	0.93
102	22	0.99
30	23	0.23
23	120	0.01
23	209	0.37
57	24	0.65
67	24	0.07
24	242	0.59
247	24	0.93
25	58	0.31
25	215	0.17
25	219	0.76
26	31	0.24
26	80	0.89
126	26	0.27
26	232	0.23
239	27	0.97
27	248	0.23
28	92	0.86
28	121	0.29
147	28	0.11
156	28	0.37
28	191	0.42
29	34	0.63
105	29	0.28
29	128	0.63
29	184	0.84
120	30	0.23
30	209	0.28
80	31	0.69
31	126	0.29
219	31	0.98
64	32	0.03
197	32	0.64
220	32	0.99
242	32	0.73
33	86	0.39
94	33	0.81
123	33	0.32
33	227	0.40
84	34	0.65
134	34	0.82
245	34	0.68
35	118	0.31
35	161	0.12
35	205	0.26
35	216	0.68
148	36	0.09
36	161	0.84
216	36	0.37
83	37	0.61
143	37	0.10
37	167	0.69
59	38	0.97
110	38	0.37
39	107	0.08
200	39	0.19
39	231	0.06
44	40	0.75
40	132	0.43
187	40	0.98
41	108	0.71
178	41	0.18
41	195	0.60
201	41	0.05
124	42	0.77
42	132	0.95
42	145	0.39
42	196	0.61
43	62	0.67
43	124	0.27
43	201	0.90
249	43	0.79
187	44	0.35
44	236	0.58
71	45	0.60
98	45	0.31
140	45	0.94
198	45	0.05
46	57	0.93
46	214	0.68
46	227	0.60
104	47	0.17
183	47	0.25
47	193	0.93
229	47	0.16
48	73	1.00
93	48	0.39
48	163	0.26
177	48	0.21
49	167	0.98
181	49	0.77
52	50	0.40
50	102	0.49
51	86	0.71
112	51	0.14
123	51	0.82
139	51	0.38
52	61	0.30
52	102	0.44
87	53	0.57
53	200	0.02
53	229	0.55
61	54	0.32
54	89	0.60
175	54	0.01
55	128	0.84
55	158	0.49
206	55	0.95
55	226	0.22
56	78	0.98
56	109	0.45
56	138	0.50
56	154	0.79
246	56	0.84
57	67	0.26
57	232	0.35
57	247	0.63
58	215	0.76
58	219	0.85
59	110	0.23
59	241	0.37
60	135	0.49
60	186	0.85
61	89	0.66
89	62	0.40
124	62	0.60
62	201	0.10
63	125	0.02
151	63	0.85
63	154	0.15
169	63	0.67
63	239	0.88
220	64	0.25
64	242	0.20
69	65	0.81
83	65	0.77
218	65	0.36
232	65	0.44
66	94	0.38
133	66	0.29
66	215	0.94
66	217	0.57
66	230	0.32
142	67	0.84
67	214	0.48
68	174	0.12
186	68	0.88
208	68	0.47
69	83	0.97
69	203	0.45
109	70	0.57
138	70	0.98
70	154	0.93
226	70	0.48
107	71	0.89
176	71	0.44
72	122	0.91
72	159	0.96
185	72	0.74
72	223	0.25
188	73	0.48
238	73	0.94
85	74	0.62
74	117	0.37
172	74	0.84
75	97	0.62
137	75	0.44
221	75	0.68
76	205	0.92
76	213	0.05
76	217	0.76
95	77	0.41
237	77	0.95
78	138	0.46
78	154	0.60
79	132	0.42
145	79	0.12
79	196	0.18
126	80	0.16
81	115	0.33
81	171	0.10
81	218	0.79
240	81	0.57
82	110	0.69
199	82	0.37
225	82	0.27
83	232	0.76
84	103	0.95
202	84	0.11
117	85	0.99
112	86	0.90
86	123	0.37
87	170	0.21
87	229	0.42
116	88	0.43
88	202	0.59
113	90	0.33
143	90	0.50
241	90	0.17
91	155	0.88
192	91	0.51
91	204	0.11
121	92	0.12
140	92	0.52
156	92	0.89
93	211	0.57
93	225	0.16
93	243	0.31
94	133	0.02
159	94	0.65
95	237	0.08
130	96	0.49
96	194	0.53
96	234	0.52
97	137	0.99
97	148	0.88
147	98	0.16
98	198	0.98
99	127	0.80
146	99	0.88
99	162	0.74
100	103	0.27
100	131	0.24
104	101	0.85
101	114	0.66
191	101	0.82
214	103	0.28
104	183	0.15
193	104	0.59
134	105	0.82
105	207	0.78
245	105	0.95
152	106	0.32
155	106	0.61
106	173	0.89
107	176	0.20
178	108	0.53
108	195	0.15
138	109	0.95
111	114	0.54
111	150	0.72
157	111	1.00
189	111	0.45
123	112	0.46
209	112	0.31
228	113	0.69
241	113	0.34
150	114	0.46
114	189	0.85
115	162	0.24
115	244	0.16
116	208	0.25
117	137	0.09
161	118	0.11
216	118	0.29
131	119	0.69
119	165	0.28
119	170	0.46
182	119	0.52
209	120	0.33
213	121	0.01
129	122	0.34
122	158	0.31
159	122	0.97
223	122	0.13
144	123	0.64
201	124	0.97
249	124	0.97
125	149	0.60
125	156	0.14
146	127	0.31
128	158	0.64
128	206	0.11
141	129	0.14
159	129	0.05
129	223	0.18
130	194	0.66
130	234	0.74
165	131	0.95
131	228	0.28
196	132	0.82
133	208	0.33
230	133	0.17
184	134	0.07
204	134	0.75
135	197	0.32
136	161	0.06
136	177	0.51
179	136	0.71
139	221	0.43
224	139	0.16
198	140	0.92
190	141	0.70
141	235	0.17
142	164	0.48
167	143	0.89
168	144	0.85
144	210	0.43
145	163	0.84
196	145	0.61
156	147	0.45
148	222	0.52
149	151	0.37
169	149	0.11
239	149	0.90
150	157	0.61
189	150	0.10
243	150	0.84
169	151	0.04
239	151	0.17
152	155	0.77
152	173	0.22
175	153	0.50
173	155	0.04
189	157	0.97
206	158	0.41
158	226	0.25
159	223	0.40
166	160	0.67
172	160	0.22
160	212	0.56
161	216	0.87
162	244	0.64
163	188	0.29
223	164	0.99
228	165	0.99
165	244	0.26
182	166	0.50
207	166	0.15
166	212	0.56
168	210	0.04
169	239	0.10
170	229	0.03
218	171	0.94
171	240	0.48
207	172	0.09
212	172	0.72
174	186	0.12
246	175	0.03
190	176	0.62
179	177	0.97
178	195	0.94
235	178	0.98
181	180	0.84
180	185	0.26
238	180	0.32
182	228	0.02
183	191	0.17
203	183	0.71
211	184	0.09
184	245	0.24
185	238	0.16
187	236	0.22
231	189	0.08
235	190	0.24
193	191	0.49
191	203	0.28
204	192	0.84
192	222	0.42
193	203	0.81
194	234	0.88
243	199	0.08
231	200	0.52
249	201	0.88
222	204	0.03
213	205	0.83
212	207	0.73
211	225	0.76
243	211	0.23
214	227	0.59
219	215	0.86
233	217	0.40
240	218	0.03
242	220	0.49
221	224	0.16
243	225	0.67
227	247	0.47
230	233	0.24
247	248	0.24
