0	30	0.15
109	0	0.66
0	243	0.34
1	104	0.67
1	147	0.65
230	1	0.54
54	2	0.12
2	176	0.34
233	2	0.01
3	97	0.75
110	3	0.34
3	232	0.89
78	4	0.31
4	191	0.69
4	246	0.93
5	77	0.65
5	126	0.01
5	178	0.08
187	5	0.51
5	200	0.65
161	6	0.20
181	6	0.47
188	6	0.22
6	205	0.59
226	6	0.59
13	7	0.77
221	7	0.75
234	7	0.35
8	56	0.05
86	8	0.38
8	227	0.31
8	245	0.61
9	61	0.55
67	9	0.03
9	158	0.09
9	168	0.83
247	9	0.09
10	52	0.43
80	10	0.87
10	141	0.03
11	52	0.02
11	66	0.46
72	11	0.47
11	158	0.45
32	12	0.79
155	12	0.83
12	177	0.21
13	53	0.06
234	13	0.04
14	84	0.67
14	135	0.98
243	14	0.51
64	15	0.03
15	69	0.83
15	81	0.37
56	16	0.35
91	16	0.42
123	16	0.93
166	16	0.33
238	16	0.63
53	17	0.84
17	148	0.11
17	184	0.15
17	241	0.54
242	17	0.12
18	100	0.62
136	18	0.86
18	199	0.66
19	46	0.65
19	131	0.04
19	149	0.54
37	20	0.40
206	20	0.39
20	244	0.58
21	27	0.01
21	125	0.25
130	21	0.65
21	203	0.53
22	81	0.47
188	22	0.43
22	213	0.46
228	22	0.34
42	23	0.48
23	95	0.01
23	142	0.38
57	24	0.14
60	24	0.13
24	121	0.85
186	24	0.61
24	201	0.82
25	39	0.19
25	139	0.78
25	237	0.36
25	249	0.50
45	26	0.94
26	55	0.33
98	26	0.56
26	220	0.25
27	169	0.79
27	209	0.25
47	28	0.57
79	28	0.86
28	96	0.64
28	174	0.65
222	28	0.79
29	87	0.65
29	134	0.59
240	29	0.62
30	109	0.53
142	30	0.26
30	208	0.68
77	31	0.18
103	31	0.78
108	31	0.92
144	31	0.12
155	32	0.49
32	177	0.30
74	33	1.00
112	33	0.54
33	194	0.23
207	33	0.63
64	34	0.01
101	34	0.36
34	179	0.52
35	36	0.28
35	117	0.86
35	201	0.70
200	36	0.08
36	201	0.12
164	37	0.13
206	37	0.08
145	38	0.40
38	204	0.67
223	38	0.84
74	39	0.59
39	112	0.95
194	39	0.56
40	107	0.34
165	40	0.68
40	217	0.53
51	41	0.14
41	83	0.25
163	41	0.32
42	79	0.08
95	42	0.31
49	43	0.63
43	70	0.40
43	71	0.14
44	93	0.51
44	126	0.53
44	146	0.85
45	65	0.66
216	45	0.95
131	46	0.16
46	149	0.22
79	47	0.96
174	47	0.57
222	47	0.20
61	48	0.90
48	198	0.76
48	240	0.48
49	70	0.12
71	49	0.15
90	50	0.74
50	93	0.65
95	50	0.03
51	83	0.43
163	51	0.46
52	66	0.09
184	53	0.90
53	241	0.91
242	53	0.05
176	54	0.61
54	233	0.28
55	98	0.55
220	55	0.85
86	56	0.26
227	56	0.81
56	245	0.80
57	60	0.49
87	57	0.85
57	121	0.25
57	186	0.71
85	58	0.42
58	115	0.25
128	58	0.85
58	219	0.65
59	73	0.18
133	59	0.06
59	202	0.72
60	121	0.97
60	186	0.05
61	240	0.06
62	89	0.37
152	62	0.99
62	180	0.48
63	116	0.73
63	138	0.58
63	182	0.40
63	190	0.51
64	69	0.76
65	94	0.55
65	216	0.04
66	72	0.14
67	158	0.03
168	67	0.68
206	67	0.58
67	247	0.85
68	99	0.23
176	68	0.40
68	225	0.16
151	69	0.13
70	71	0.11
92	72	0.78
73	76	0.97
129	73	0.20
112	74	0.48
129	74	0.01
194	74	0.10
75	124	0.02
150	75	0.24
75	154	0.22
76	129	0.97
76	137	0.31
187	77	0.64
77	200	0.39
77	212	0.63
175	78	0.74
183	78	0.31
78	191	0.87
78	246	0.99
174	79	0.93
222	79	0.01
80	112	0.11
141	80	0.02
213	81	0.38
228	81	0.62
82	114	0.18
82	153	0.11
197	82	0.89
83	162	0.21
163	83	0.07
162	84	0.45
243	84	0.86
85	128	0.61
219	85	0.25
86	153	0.48
227	86	0.29
245	86	0.80
87	134	0.99
88	102	0.10
88	171	0.80
185	88	0.49
214	88	0.96
89	152	0.02
89	180	0.37
90	93	0.12
210	90	0.79
91	166	0.15
173	91	0.73
91	236	0.26
91	238	0.52
92	172	0.40
208	92	0.04
94	122	0.68
137	94	0.43
193	94	0.30
96	132	0.94
96	167	0.50
226	96	0.17
186	97	0.93
232	97	0.72
98	145	0.87
98	220	0.52
99	204	0.32
225	99	0.79
100	136	0.76
199	100	0.94
119	101	0.14
179	101	0.44
102	171	0.06
185	102	0.81
102	214	0.34
249	102	0.58
108	103	0.86
144	103	0.28
103	216	0.13
104	147	0.71
104	230	0.96
105	127	0.06
164	105	0.07
105	211	0.99
239	105	0.25
106	139	0.31
106	237	0.01
106	249	0.94
107	165	0.71
217	107	0.19
108	144	0.35
108	233	0.38
142	109	0.40
109	246	0.95
110	195	0.39
110	218	0.98
224	110	0.02
111	120	0.69
215	111	0.53
235	111	0.81
113	143	0.64
157	113	0.04
198	113	0.66
113	223	0.82
153	114	0.79
161	114	0.77
248	114	0.53
115	128	0.13
115	219	0.74
138	116	0.56
116	182	0.96
190	116	0.04
116	225	0.54
117	122	0.11
137	117	0.36
193	117	0.71
173	118	0.85
178	118	0.79
187	118	0.74
159	119	0.51
244	119	0.43
120	203	0.04
120	215	0.52
121	144	0.06
121	186	0.59
122	193	0.35
227	122	0.36
166	123	0.88
183	123	0.39
123	236	0.74
124	148	0.45
210	124	0.65
130	125	0.74
203	125	0.44
232	125	0.19
126	146	0.18
164	127	0.18
239	127	0.10
218	128	0.29
219	128	0.99
203	130	0.73
131	149	0.67
132	167	0.52
226	132	0.15
133	140	0.09
133	189	0.38
202	133	0.19
215	134	0.25
135	162	0.48
135	243	0.01
136	199	0.07
193	137	0.32
138	182	0.51
190	138	0.31
139	159	0.43
237	139	0.35
249	139	0.27
157	140	0.01
140	202	0.14
141	150	0.01
142	219	0.20
157	143	0.41
143	189	0.27
198	143	0.48
223	143	0.65
204	145	0.02
146	193	0.29
147	230	0.88
210	148	0.88
229	149	0.80
150	154	0.89
151	156	0.95
231	151	0.16
180	152	0.70
153	197	0.12
153	248	0.93
231	154	0.79
177	155	0.76
156	214	0.63
231	156	0.63
223	157	0.87
168	158	0.67
247	158	0.71
159	244	0.75
160	207	0.46
224	160	0.31
229	160	0.01
181	161	0.87
188	161	0.01
161	205	0.47
162	243	0.65
169	163	0.12
211	164	0.28
164	239	0.28
165	217	0.34
166	183	0.35
166	220	0.32
226	167	0.26
247	168	1.00
169	189	0.83
209	169	0.44
235	169	0.59
170	192	0.09
170	196	0.82
170	221	0.42
170	242	0.11
214	171	0.10
172	179	0.24
208	172	0.70
178	173	0.85
174	222	0.36
247	174	0.51
191	175	0.19
246	175	0.29
176	233	0.78
205	181	0.54
190	182	0.80
183	238	0.59
241	184	0.54
184	242	0.43
185	214	0.87
200	187	0.52
212	187	0.76
188	197	0.27
188	205	0.28
189	209	0.57
235	189	0.32
241	191	0.13
246	191	0.72
192	196	0.14
221	192	0.58
195	218	0.83
195	224	0.08
196	221	0.30
248	197	0.96
223	198	0.47
212	200	0.45
239	205	0.35
229	207	0.85
228	209	0.62
211	239	0.49
228	213	0.79
218	224	0.06
235	222	0.41
236	234	0.60
249	237	0.90
242	241	0.75
