0	23	0.29
99	0	0.35
0	187	0.58
0	193	0.09
1	40	0.63
89	1	0.29
112	1	0.63
2	10	0.68
41	2	0.46
2	188	0.36
241	2	0.08
3	39	0.94
113	3	0.74
3	131	0.28
3	133	0.71
3	149	0.27
4	116	0.91
4	167	0.56
226	4	0.15
5	72	0.34
76	5	0.48
236	5	0.08
247	5	0.70
6	19	0.68
22	6	0.84
130	6	0.43
93	7	0.63
104	7	0.19
7	217	0.97
244	7	0.21
8	82	0.63
8	88	0.97
8	202	0.27
66	9	0.87
9	163	0.65
9	180	0.76
41	10	0.66
10	188	0.32
241	10	0.80
11	73	1.00
11	168	0.08
11	221	0.47
225	11	0.21
12	117	0.84
124	12	0.38
158	12	0.92
13	48	0.02
13	98	0.14
164	13	0.28
14	53	0.24
14	134	0.38
156	14	0.99
191	15	0.59
15	214	0.87
15	219	0.34
230	15	0.86
51	16	0.98
52	16	0.94
157	16	0.88
140	17	0.58
166	17	0.16
17	228	0.90
18	44	0.82
18	196	0.72
248	18	0.85
19	130	0.64
249	19	0.29
20	24	0.35
20	31	0.46
20	121	0.90
21	29	0.65
108	21	0.29
172	21	0.40
22	43	0.18
22	145	0.52
22	189	0.03
83	23	0.48
23	99	0.67
23	187	0.64
193	23	0.34
24	26	0.77
31	24	0.12
121	24	0.26
25	63	0.64
25	77	0.24
128	25	0.13
185	25	0.44
25	220	0.63
48	26	0.47
26	95	0.84
26	116	0.24
26	237	0.25
27	78	0.99
27	117	0.70
205	27	0.88
28	54	0.39
144	28	0.37
28	159	0.32
29	108	0.84
29	172	0.63
61	30	0.86
90	30	0.96
30	170	0.01
31	121	0.08
204	31	0.12
32	36	0.21
32	66	0.76
233	32	0.33
33	34	0.26
47	33	0.90
33	74	0.38
114	33	0.93
47	34	0.46
199	34	0.36
240	34	0.63
36	35	0.50
35	65	0.95
233	35	0.46
233	36	0.16
37	122	0.54
138	37	0.21
232	37	0.25
142	38	0.01
38	203	0.49
38	242	0.70
39	141	0.74
39	210	0.79
89	40	0.89
40	112	0.89
170	40	0.14
188	41	0.83
74	42	0.22
42	125	0.52
245	42	0.45
138	43	0.39
43	189	0.81
147	44	0.71
44	248	0.77
62	45	0.61
45	91	0.02
94	45	0.26
46	99	0.65
105	46	0.95
46	155	0.69
175	46	0.56
114	47	0.90
47	199	0.92
48	116	0.77
48	237	0.12
49	105	0.29
49	155	0.72
49	175	0.20
231	49	0.59
70	50	0.18
50	107	0.42
206	50	0.59
52	51	0.15
106	51	0.48
127	52	0.47
52	157	0.73
53	156	0.53
53	207	0.37
67	54	0.56
144	54	0.60
54	159	0.13
218	54	0.74
55	101	0.71
183	55	0.51
55	197	0.48
235	55	0.82
56	96	1.00
111	56	0.01
119	56	0.73
56	190	0.32
57	126	0.74
244	57	0.53
249	57	0.71
82	58	0.31
58	195	0.05
58	228	0.95
133	59	0.83
59	182	0.63
59	201	0.60
176	60	0.71
60	208	0.85
246	60	0.10
61	90	0.92
61	170	0.43
91	62	0.83
62	185	0.99
63	77	0.18
63	185	0.46
63	200	0.42
63	220	0.84
79	64	0.68
64	97	0.27
64	109	0.73
64	215	0.64
65	141	0.31
65	210	0.11
66	163	0.36
66	180	0.29
67	136	0.85
67	165	0.38
67	178	0.67
75	68	0.47
124	68	0.76
68	211	0.41
69	83	0.86
87	69	0.50
69	106	0.88
157	69	0.84
69	186	0.33
107	70	0.89
70	206	0.88
230	70	0.55
92	71	0.72
140	71	0.83
205	71	0.97
72	76	0.07
109	72	0.58
72	247	0.01
73	143	0.55
73	168	0.30
191	73	0.01
73	221	0.46
74	125	0.43
245	74	0.58
211	75	0.71
75	236	0.87
76	211	0.12
247	76	0.85
220	77	0.89
78	117	0.21
234	78	0.92
97	79	0.50
109	79	0.80
79	215	1.00
80	192	0.75
240	80	0.76
80	242	0.77
136	81	0.30
165	81	0.12
178	81	0.75
82	88	0.71
202	82	0.75
83	106	0.88
186	83	0.24
148	84	0.60
84	179	0.75
84	212	0.80
85	100	0.68
127	85	0.58
173	85	0.67
86	102	0.63
86	184	0.61
86	222	0.11
106	87	0.86
87	216	0.06
156	88	0.98
88	202	0.09
89	220	0.02
90	170	0.46
94	91	0.40
91	173	0.28
171	92	0.62
205	92	0.25
93	104	0.10
93	217	0.31
243	93	0.16
194	94	0.16
116	95	0.77
95	237	0.13
96	119	0.22
96	190	0.97
109	97	0.13
97	209	0.19
215	97	0.18
164	98	0.05
176	98	0.71
99	187	0.31
193	99	0.08
100	127	0.43
173	100	0.41
183	101	0.65
188	101	0.98
101	197	0.20
101	235	0.39
102	148	0.20
102	184	0.38
200	102	0.58
102	222	0.48
113	103	0.31
103	120	0.49
103	209	0.94
104	243	0.02
105	155	0.86
175	105	0.40
105	195	0.48
106	186	0.76
206	107	0.96
108	172	0.54
109	215	0.77
110	118	0.69
161	110	0.94
110	162	0.47
153	111	0.67
174	111	0.38
111	198	0.39
164	112	0.22
131	113	0.52
113	133	0.78
149	113	0.41
192	114	0.84
199	114	0.84
114	201	0.45
115	152	0.10
153	115	0.41
115	174	0.08
198	115	0.74
115	216	0.52
116	237	0.04
161	118	0.57
162	118	0.51
207	118	0.55
190	119	0.80
209	120	0.50
213	120	0.19
169	122	0.77
122	181	0.52
122	224	0.81
123	134	0.27
123	194	0.60
123	239	0.28
148	124	0.54
158	124	0.36
223	124	0.47
125	245	0.61
126	193	0.72
244	126	0.47
227	128	0.58
231	128	0.09
138	129	0.73
129	146	0.46
229	129	0.81
232	130	0.93
133	131	0.83
149	131	0.63
151	132	0.83
132	206	0.42
132	238	0.52
149	133	0.80
134	182	0.07
135	137	0.32
160	135	0.42
214	135	0.18
136	165	0.15
136	178	0.98
137	158	0.31
160	137	0.29
138	146	0.20
177	139	0.37
139	204	0.96
215	139	0.49
166	140	0.67
210	141	0.96
142	154	0.78
142	203	0.67
143	147	0.63
150	143	0.05
143	246	0.84
159	144	0.16
218	144	0.35
221	144	0.63
145	189	0.02
145	196	0.97
223	146	0.74
150	147	0.08
148	158	0.54
149	198	0.62
246	150	0.01
187	151	0.62
151	238	0.07
152	167	0.22
226	152	0.72
162	153	0.08
153	198	0.37
169	154	0.67
203	154	0.67
175	155	0.10
235	155	0.01
158	223	0.24
159	218	0.52
238	159	0.86
161	160	0.28
162	161	0.24
207	161	0.85
162	207	0.36
163	180	0.87
184	163	0.69
178	165	0.44
166	210	0.28
167	202	0.32
167	226	0.20
168	221	0.07
225	168	0.77
181	169	0.48
171	179	0.41
212	171	0.49
198	174	0.02
176	208	0.57
176	232	0.82
177	203	0.34
177	204	0.23
212	179	0.59
181	224	0.70
201	182	0.71
235	183	0.19
184	200	0.76
222	184	0.16
220	185	0.41
216	186	0.71
187	193	0.67
241	188	0.62
237	189	0.06
191	230	0.94
240	192	0.65
192	242	0.36
194	239	0.38
228	195	0.36
248	196	0.73
197	235	0.51
199	218	0.81
208	227	0.05
232	208	0.58
229	213	0.47
234	213	0.16
214	219	0.37
230	214	0.74
217	243	0.27
219	230	0.96
221	225	0.86
239	224	0.25
242	226	0.52
231	227	0.94
234	229	0.47
247	236	0.83
249	244	0.52
