0	26	0.81
165	0	0.53
0	176	0.05
0	210	0.49
1	3	0.53
165	1	0.96
248	1	0.42
2	52	0.43
85	2	0.34
2	98	0.90
133	2	0.35
2	138	0.93
16	3	0.16
3	108	0.70
3	225	0.14
4	80	0.30
4	110	0.80
4	119	0.48
152	4	0.25
5	62	0.30
196	5	0.62
247	5	0.79
90	6	0.59
6	202	0.94
244	6	0.43
29	7	0.74
33	7	0.99
209	7	0.39
8	82	0.24
93	8	0.83
8	188	0.05
9	95	0.22
9	170	0.56
177	9	0.65
9	191	0.90
10	42	0.06
161	10	0.19
10	180	0.99
219	10	0.22
11	51	0.98
11	141	0.22
11	206	0.70
59	12	0.38
12	84	0.47
164	12	0.74
22	13	0.24
13	61	0.02
13	73	0.73
50	14	0.56
14	136	0.68
14	167	0.77
79	15	0.16
198	15	0.46
15	242	0.87
16	108	0.11
225	16	0.66
56	17	0.45
60	17	0.07
140	17	0.03
178	17	0.55
72	18	0.03
18	73	0.10
18	105	0.41
18	155	0.13
41	19	0.81
19	135	0.02
144	19	0.09
19	222	0.44
20	47	0.24
20	120	0.74
20	190	0.40
199	20	0.76
175	21	0.26
21	227	0.17
21	240	0.77
22	99	0.43
186	22	0.20
22	229	0.08
23	201	0.17
203	23	0.53
23	213	0.61
49	24	0.60
104	24	0.11
24	146	0.54
25	48	0.10
142	25	0.43
240	25	0.80
26	76	0.23
120	26	0.19
26	169	0.92
26	205	0.69
27	72	0.98
27	105	0.83
27	192	0.23
36	28	0.78
28	141	0.01
143	28	0.87
28	181	0.57
28	208	0.14
29	129	0.59
235	29	0.52
50	30	0.05
30	136	0.80
30	151	0.21
167	30	0.17
31	37	0.01
31	106	0.12
153	31	0.46
32	111	0.89
116	32	0.83
32	137	0.99
174	32	0.69
130	33	0.56
209	33	0.17
86	34	0.77
172	34	0.29
34	201	0.14
42	35	0.98
177	35	0.33
35	202	0.35
59	36	0.66
141	36	0.57
143	36	0.62
36	208	0.72
37	106	0.94
37	153	0.53
37	172	0.73
204	37	0.44
38	40	0.83
55	38	0.91
183	38	0.42
237	38	0.12
39	118	0.93
119	39	0.35
148	39	0.14
39	162	0.39
55	40	1.00
40	237	0.47
89	41	0.23
41	144	0.61
222	41	0.56
42	92	0.14
163	42	0.53
42	219	0.74
88	43	0.29
91	43	0.34
43	98	0.03
43	154	0.45
44	69	0.92
44	81	0.08
44	139	0.07
45	118	0.47
121	45	0.19
150	45	0.50
46	75	0.41
107	46	0.04
145	46	0.47
150	46	0.09
225	46	0.01
47	190	0.83
47	199	0.86
48	142	0.33
241	48	0.32
81	49	0.93
49	104	0.92
146	49	0.30
50	78	0.51
116	50	0.26
50	140	0.92
90	51	0.63
51	206	0.79
85	52	0.43
133	52	0.06
52	138	0.49
53	94	0.05
147	53	0.90
194	53	0.39
128	54	0.08
54	197	0.47
54	215	0.53
228	54	0.98
54	238	0.65
55	61	0.99
151	55	0.39
55	237	0.43
60	56	0.69
56	78	0.52
56	140	0.35
178	56	0.93
57	101	0.36
57	220	0.69
57	236	0.25
58	125	0.74
58	216	0.32
226	58	0.71
58	243	0.59
59	84	0.13
60	107	0.36
60	140	0.23
60	178	0.27
61	73	0.31
62	86	0.50
62	196	0.12
62	247	0.78
63	66	0.06
97	63	0.31
133	63	0.11
63	173	0.79
64	135	0.47
212	64	0.22
64	239	0.30
112	65	0.03
65	134	0.81
234	65	0.70
66	97	0.66
173	66	0.87
92	67	0.16
149	67	0.49
244	67	0.63
68	117	0.10
163	68	0.14
68	166	0.36
68	185	0.77
68	200	0.90
81	69	0.87
69	99	0.28
69	139	0.51
114	70	0.30
171	70	0.72
70	223	0.20
71	112	0.05
134	71	0.56
232	71	0.37
71	234	0.04
105	72	0.18
192	72	0.89
164	74	0.04
74	220	0.47
74	242	0.02
145	75	0.97
75	150	0.61
221	75	0.04
120	76	0.78
176	76	0.34
76	180	0.36
205	76	0.42
77	157	0.01
217	77	0.09
229	77	0.25
78	116	0.99
78	167	0.47
79	198	0.69
247	79	0.58
110	80	0.70
80	152	0.83
80	249	0.57
81	139	0.28
93	82	0.11
82	197	0.13
156	83	0.92
83	161	0.21
83	189	0.68
84	195	0.72
133	85	0.01
85	138	0.94
172	86	0.07
127	87	0.51
87	130	0.51
87	159	0.85
188	87	0.69
91	88	0.96
98	88	0.75
89	115	0.49
89	222	0.73
90	244	0.64
98	91	0.17
91	157	0.94
184	91	0.78
149	92	0.42
114	93	0.64
94	140	0.35
147	94	0.89
94	194	0.33
231	94	0.57
170	95	0.32
191	95	0.09
95	192	0.13
96	169	0.17
96	176	0.79
96	211	0.77
173	97	0.34
98	154	0.44
218	99	0.30
99	229	0.62
100	129	0.72
100	132	0.97
100	246	0.94
126	101	0.79
101	220	0.23
101	236	0.73
109	102	0.46
102	131	0.66
102	181	0.40
102	193	0.13
196	103	0.47
103	245	0.30
249	103	0.25
146	104	0.32
105	192	0.50
217	105	0.21
153	106	0.64
106	204	0.44
248	106	0.25
145	107	0.06
225	108	0.19
109	131	0.62
109	162	0.81
181	109	0.45
110	151	0.40
152	110	0.97
111	137	0.49
111	174	0.76
131	112	0.39
134	112	0.83
234	112	0.47
123	113	0.96
162	113	0.51
189	113	0.93
171	114	0.48
114	223	0.27
115	124	0.37
115	241	0.18
116	136	0.36
117	185	0.85
200	117	0.92
246	117	0.95
121	118	0.58
119	148	0.44
120	210	0.81
231	121	0.84
132	122	0.76
158	122	0.02
213	122	0.91
122	214	0.41
184	123	0.69
189	123	0.20
219	124	0.85
241	124	0.49
216	125	0.99
125	226	0.77
126	220	0.01
236	126	0.40
127	130	0.92
127	159	0.75
188	127	0.38
187	128	0.37
128	195	0.52
129	246	0.26
130	159	0.40
188	130	0.47
131	181	0.16
193	131	0.93
132	158	0.39
214	132	0.68
138	133	0.24
234	134	0.30
135	212	0.59
135	224	0.98
135	239	0.60
167	136	0.07
137	174	0.48
224	137	0.13
168	138	0.60
143	141	0.17
141	208	0.33
142	200	0.98
222	144	0.64
150	145	0.09
145	243	0.47
147	231	0.52
162	148	0.72
158	149	0.62
150	243	0.55
153	204	0.45
184	154	0.77
182	155	0.29
155	221	0.22
161	156	0.22
215	156	0.22
217	157	0.16
213	158	0.28
158	214	0.57
159	188	0.19
168	160	0.06
207	160	0.42
233	160	0.84
180	163	0.41
163	219	0.47
164	242	0.43
248	165	0.61
179	166	0.09
166	200	0.91
167	207	0.89
168	233	0.32
169	211	0.81
191	170	0.20
223	171	0.62
174	230	0.78
227	175	0.01
240	175	0.52
176	205	0.35
177	202	0.55
179	185	0.88
179	200	0.07
219	180	0.86
181	193	0.91
221	182	0.20
237	182	0.04
183	203	0.30
237	183	0.96
211	186	0.37
218	186	0.44
186	229	0.38
195	187	0.56
209	187	0.14
190	199	0.90
228	190	0.84
194	231	0.43
196	247	0.71
215	197	0.07
228	197	0.68
197	238	0.14
198	236	0.80
201	203	0.50
245	204	0.62
210	205	0.12
239	206	0.55
207	233	0.29
224	212	0.19
212	239	0.59
213	214	0.10
215	228	0.04
238	215	0.61
226	216	0.16
229	218	0.13
236	220	0.99
239	224	0.24
240	227	0.21
228	238	0.23
232	230	0.16
230	235	0.76
235	232	0.80
249	245	0.23
