0	14	0.48
34	0	0.87
0	137	0.61
0	143	0.20
0	185	0.65
101	1	0.74
134	1	0.36
1	227	0.77
17	2	0.65
2	33	0.07
66	2	0.28
2	94	0.75
174	3	0.83
3	184	0.56
3	191	0.17
4	131	0.42
4	204	0.74
4	217	0.11
106	5	0.18
5	118	0.78
123	5	0.91
166	5	0.51
26	6	0.59
6	110	0.36
223	6	0.21
56	7	0.18
158	7	0.51
237	7	0.52
7	245	0.92
17	8	0.77
8	225	0.52
8	232	0.99
9	65	0.79
73	9	0.94
9	78	0.37
9	122	0.92
146	9	0.31
10	86	0.75
92	10	0.30
10	143	0.57
10	160	1.00
11	21	0.78
58	11	0.62
11	114	0.38
162	11	0.73
169	11	0.95
12	30	0.41
12	83	0.87
150	12	0.02
12	195	0.88
12	214	0.11
48	13	0.36
82	13	0.73
13	108	0.03
13	111	0.98
220	13	0.92
34	14	0.48
51	14	0.76
137	14	0.99
185	14	0.95
32	15	0.96
15	64	0.90
15	226	0.84
16	77	0.10
156	16	0.40
16	161	0.93
225	17	0.67
17	232	0.46
18	31	0.57
18	46	0.70
18	61	0.54
89	18	0.89
60	19	0.03
19	75	0.85
19	144	0.49
19	153	0.97
170	19	0.58
20	55	0.17
20	74	0.64
208	20	0.35
21	164	0.89
239	21	0.55
36	22	0.11
22	172	0.22
22	180	0.41
43	23	0.33
187	23	0.70
23	228	0.31
25	24	0.80
24	33	0.13
24	149	0.08
24	234	0.42
25	74	0.14
25	149	0.71
234	25	0.75
26	110	0.48
176	26	0.56
27	109	0.60
27	186	0.72
27	222	0.38
61	28	0.91
79	28	0.58
28	202	0.62
28	206	0.02
219	28	0.35
29	72	0.33
29	171	0.45
195	29	0.03
30	83	0.31
214	30	0.73
31	44	0.43
46	31	0.80
61	31	0.67
89	31	0.61
64	32	0.34
70	32	0.77
32	226	0.73
66	33	0.93
94	33	0.54
33	247	0.28
137	34	0.35
138	34	0.76
185	34	0.35
35	38	0.02
35	45	0.80
35	57	0.96
35	155	0.96
198	35	0.65
36	135	0.94
172	36	0.25
91	37	0.71
175	37	0.60
37	249	0.56
45	38	0.71
196	38	0.31
38	198	0.28
88	39	0.40
39	124	0.45
131	39	0.62
39	155	0.45
142	40	0.83
40	148	0.76
163	40	0.56
41	104	0.55
130	41	0.99
166	41	0.34
42	90	0.50
42	107	0.62
42	224	0.33
43	187	0.40
43	228	0.37
44	87	0.62
127	44	0.20
215	44	0.71
45	57	0.64
198	45	0.32
89	46	0.99
156	47	0.25
161	47	0.73
47	165	0.96
48	108	0.80
48	111	0.65
229	48	0.48
97	49	0.21
49	121	0.34
159	49	0.32
50	151	0.49
168	50	0.98
50	193	0.01
53	51	0.55
51	192	0.59
230	51	0.58
80	52	0.52
52	128	0.43
52	223	0.16
242	52	0.98
192	53	0.37
206	53	0.90
53	230	0.04
54	117	0.26
129	54	0.70
54	213	0.41
54	216	0.61
74	55	0.76
55	116	0.42
158	56	0.54
56	237	0.75
57	198	0.57
228	57	0.90
58	114	0.50
58	162	0.67
58	200	0.07
59	98	0.80
59	172	0.41
212	59	0.13
60	144	0.21
60	170	0.89
62	147	0.26
62	188	0.33
62	189	0.91
63	84	0.33
63	116	0.49
63	171	0.08
64	226	0.76
65	78	0.04
122	65	0.25
134	65	0.32
66	104	0.76
66	183	0.62
247	66	0.91
67	191	0.57
220	67	0.67
67	238	0.57
93	68	0.69
68	182	0.52
200	68	0.96
85	69	0.38
101	69	0.67
167	69	0.08
70	81	0.95
177	70	0.26
71	109	0.92
71	113	0.81
71	120	0.67
140	72	0.94
72	171	0.49
73	78	0.65
122	73	0.48
139	75	0.23
75	146	0.59
75	152	0.76
133	76	0.95
181	76	0.83
76	241	0.38
136	77	0.49
154	77	0.24
231	77	0.45
77	240	0.54
78	122	0.64
186	79	0.60
79	202	0.24
206	79	0.59
239	79	0.58
128	80	0.60
80	223	0.02
234	80	0.76
80	242	0.51
97	81	0.48
177	81	0.31
82	100	0.18
82	108	0.94
82	111	0.09
157	82	0.29
190	83	0.28
83	195	0.47
84	116	0.18
84	162	0.30
101	85	0.30
85	167	0.34
88	86	0.29
86	92	0.96
86	96	0.97
86	143	0.36
127	87	0.06
87	244	0.95
124	88	0.82
155	88	0.72
90	199	0.96
90	224	0.40
175	91	0.03
249	91	0.46
96	92	0.41
92	150	0.30
93	182	0.95
93	200	0.45
224	93	0.77
94	140	0.18
183	94	0.75
99	95	0.29
121	95	0.84
95	138	0.06
143	96	0.11
97	159	0.94
212	98	0.34
227	98	0.45
133	99	0.75
99	181	0.01
99	241	0.85
100	108	0.49
100	229	0.37
167	101	0.88
102	105	0.05
147	102	0.08
102	209	0.17
103	126	0.78
103	132	0.10
103	196	0.57
130	104	0.83
104	208	0.86
105	147	0.97
209	105	0.36
106	123	0.66
106	166	0.95
106	203	0.01
221	106	0.09
107	199	0.48
224	107	0.91
241	108	0.16
109	120	0.20
225	110	0.32
229	111	0.23
112	140	0.89
145	112	0.41
157	112	0.56
243	113	0.33
113	248	0.05
114	162	0.29
169	114	0.30
114	212	0.51
118	115	0.54
115	218	0.91
115	231	0.57
213	117	0.12
216	117	0.86
218	118	0.80
124	119	0.55
155	119	0.84
156	119	0.97
197	120	0.36
121	138	0.87
122	165	0.11
123	203	0.89
124	155	0.58
125	205	0.83
211	125	0.12
246	125	0.84
132	126	0.94
126	196	0.61
126	245	0.03
215	127	0.21
244	127	0.04
247	127	0.42
223	128	0.15
129	188	0.56
189	129	0.11
208	130	0.38
160	131	0.09
178	131	0.47
217	131	0.31
132	196	0.53
133	181	0.58
241	133	0.33
134	227	0.65
135	172	0.11
180	135	0.98
205	135	0.08
136	218	0.85
136	231	0.07
136	240	0.56
185	137	0.08
139	146	0.59
152	139	0.02
140	183	0.38
247	140	0.51
145	141	0.99
179	141	0.28
141	220	0.08
141	238	0.85
142	148	0.90
163	142	0.19
144	153	0.84
170	144	0.79
157	145	0.33
152	146	0.80
146	236	0.24
147	209	0.56
163	148	0.06
234	149	0.86
150	215	0.73
150	244	0.27
168	151	0.20
173	151	0.26
151	193	0.63
151	233	0.68
211	152	0.39
236	152	0.45
153	154	0.85
230	154	0.87
240	154	0.96
161	156	0.84
165	156	0.95
158	207	0.99
158	237	0.27
236	159	0.39
178	160	0.86
204	160	0.98
217	160	0.26
161	165	0.10
161	187	0.87
222	164	0.63
239	164	0.20
166	203	0.60
168	193	0.55
169	246	0.81
172	180	0.91
178	173	0.21
193	173	0.57
174	184	0.29
191	174	0.17
249	175	0.02
176	210	0.17
176	235	0.82
177	201	0.12
178	204	0.16
217	178	0.94
179	220	0.81
238	179	0.45
241	181	0.51
181	244	0.84
200	182	0.09
202	183	0.04
247	183	0.62
184	191	0.79
222	186	0.03
228	187	0.50
188	189	0.60
195	190	0.22
190	214	0.87
192	230	0.86
198	193	0.73
201	194	0.20
194	207	0.01
194	211	0.22
197	221	0.73
233	197	0.24
224	199	0.70
207	201	0.18
202	219	0.66
246	205	0.79
206	219	0.73
207	211	0.95
210	219	0.71
235	210	0.77
216	213	0.43
235	215	0.24
244	215	0.94
238	220	0.42
233	221	0.13
223	242	0.58
232	225	0.39
231	240	0.54
249	240	0.01
245	243	0.05
248	243	0.56
248	245	0.17
