0	60	0.5
145	0	0.5
0	152	0.5
0	171	0.5
1	28	0.5
110	1	0.5
241	1	0.5
2	14	0.5
78	2	0.5
2	159	0.5
40	3	0.5
3	107	0.5
144	3	0.5
4	23	0.5
4	102	0.5
4	205	0.5
5	43	0.5
5	109	0.5
119	5	0.5
5	174	0.5
8	6	0.5
52	6	0.5
86	6	0.5
7	10	0.5
21	7	0.5
199	7	0.5
86	8	0.5
223	8	0.5
9	112	0.5
150	9	0.5
9	182	0.5
9	226	0.5
10	21	0.5
170	10	0.5
10	199	0.5
11	36	0.5
127	11	0.5
11	181	0.5
51	12	0.5
12	56	0.5
12	185	0.5
12	239	0.5
82	13	0.5
13	100	0.5
211	13	0.5
37	14	0.5
14	159	0.5
15	162	0.5
236	15	0.5
15	249	0.5
16	41	0.5
179	16	0.5
215	16	0.5
17	152	0.5
17	216	0.5
240	17	0.5
47	18	0.5
54	18	0.5
147	18	0.5
166	18	0.5
27	19	0.5
19	143	0.5
19	147	0.5
20	49	0.5
72	20	0.5
20	75	0.5
198	20	0.5
21	199	0.5
21	211	0.5
22	95	0.5
22	101	0.5
163	22	0.5
164	22	0.5
23	102	0.5
23	205	0.5
24	26	0.5
88	24	0.5
24	103	0.5
25	45	0.5
137	25	0.5
25	224	0.5
59	26	0.5
88	26	0.5
27	143	0.5
27	147	0.5
227	27	0.5
110	28	0.5
28	195	0.5
104	29	0.5
29	195	0.5
29	238	0.5
30	63	0.5
30	141	0.5
30	217	0.5
74	31	0.5
31	99	0.5
105	31	0.5
32	125	0.5
32	128	0.5
32	157	0.5
242	32	0.5
59	33	0.5
33	118	0.5
33	151	0.5
175	34	0.5
34	176	0.5
34	187	0.5
97	35	0.5
35	155	0.5
192	35	0.5
36	111	0.5
229	36	0.5
83	37	0.5
160	37	0.5
189	37	0.5
39	38	0.5
38	42	0.5
170	38	0.5
130	39	0.5
39	170	0.5
144	40	0.5
159	40	0.5
71	41	0.5
41	215	0.5
42	149	0.5
42	212	0.5
43	109	0.5
119	43	0.5
43	142	0.5
51	44	0.5
185	44	0.5
239	44	0.5
45	163	0.5
224	45	0.5
97	46	0.5
46	136	0.5
177	46	0.5
46	231	0.5
54	47	0.5
47	166	0.5
80	48	0.5
48	103	0.5
156	48	0.5
49	72	0.5
113	49	0.5
92	50	0.5
50	208	0.5
50	221	0.5
50	243	0.5
51	56	0.5
52	132	0.5
52	183	0.5
219	52	0.5
76	53	0.5
53	154	0.5
247	53	0.5
166	54	0.5
61	55	0.5
169	55	0.5
55	200	0.5
55	233	0.5
56	230	0.5
239	56	0.5
68	57	0.5
57	168	0.5
194	57	0.5
58	157	0.5
242	58	0.5
58	248	0.5
118	59	0.5
59	151	0.5
93	60	0.5
145	60	0.5
60	244	0.5
61	114	0.5
135	61	0.5
77	62	0.5
114	62	0.5
62	184	0.5
63	141	0.5
144	63	0.5
64	90	0.5
64	124	0.5
248	64	0.5
65	67	0.5
123	65	0.5
65	222	0.5
66	122	0.5
188	66	0.5
66	237	0.5
67	123	0.5
67	213	0.5
68	104	0.5
68	168	0.5
194	68	0.5
69	79	0.5
69	139	0.5
69	235	0.5
70	136	0.5
70	178	0.5
70	207	0.5
70	212	0.5
71	77	0.5
71	96	0.5
71	106	0.5
140	72	0.5
148	73	0.5
73	161	0.5
73	167	0.5
83	74	0.5
74	99	0.5
85	75	0.5
75	113	0.5
140	75	0.5
76	154	0.5
247	76	0.5
96	77	0.5
106	77	0.5
121	78	0.5
78	220	0.5
221	78	0.5
79	139	0.5
79	156	0.5
79	235	0.5
103	80	0.5
80	156	0.5
81	116	0.5
158	81	0.5
186	81	0.5
81	243	0.5
82	211	0.5
232	82	0.5
160	83	0.5
83	189	0.5
123	84	0.5
148	84	0.5
165	84	0.5
85	91	0.5
85	202	0.5
191	86	0.5
87	121	0.5
127	87	0.5
220	87	0.5
149	88	0.5
89	90	0.5
137	89	0.5
89	179	0.5
137	90	0.5
181	91	0.5
91	202	0.5
92	133	0.5
92	232	0.5
124	93	0.5
145	93	0.5
93	244	0.5
94	131	0.5
94	172	0.5
191	94	0.5
95	101	0.5
164	95	0.5
96	106	0.5
97	177	0.5
97	231	0.5
143	98	0.5
98	153	0.5
173	98	0.5
228	98	0.5
99	249	0.5
100	133	0.5
211	100	0.5
164	101	0.5
120	102	0.5
102	205	0.5
103	156	0.5
104	238	0.5
138	105	0.5
105	193	0.5
241	105	0.5
203	107	0.5
218	107	0.5
108	115	0.5
141	108	0.5
108	180	0.5
190	108	0.5
142	109	0.5
209	109	0.5
110	132	0.5
111	224	0.5
111	229	0.5
112	150	0.5
182	112	0.5
112	184	0.5
140	113	0.5
113	198	0.5
114	128	0.5
114	184	0.5
115	180	0.5
190	115	0.5
116	158	0.5
116	186	0.5
206	117	0.5
117	214	0.5
117	217	0.5
118	151	0.5
174	119	0.5
119	209	0.5
171	120	0.5
227	120	0.5
121	220	0.5
167	122	0.5
188	122	0.5
122	237	0.5
248	124	0.5
157	125	0.5
242	125	0.5
126	225	0.5
126	245	0.5
246	126	0.5
127	181	0.5
184	128	0.5
128	230	0.5
129	130	0.5
210	129	0.5
234	129	0.5
210	130	0.5
234	130	0.5
172	131	0.5
191	131	0.5
202	131	0.5
132	196	0.5
132	219	0.5
133	232	0.5
134	187	0.5
134	197	0.5
222	134	0.5
169	135	0.5
201	135	0.5
135	233	0.5
136	178	0.5
207	136	0.5
150	138	0.5
193	138	0.5
235	139	0.5
140	198	0.5
174	142	0.5
209	142	0.5
147	143	0.5
152	145	0.5
204	146	0.5
146	225	0.5
146	226	0.5
165	148	0.5
148	213	0.5
149	212	0.5
203	151	0.5
244	152	0.5
153	160	0.5
153	173	0.5
153	228	0.5
240	154	0.5
154	247	0.5
192	155	0.5
155	215	0.5
242	157	0.5
186	158	0.5
167	161	0.5
161	204	0.5
162	197	0.5
162	236	0.5
249	162	0.5
163	224	0.5
213	165	0.5
214	165	0.5
218	166	0.5
168	194	0.5
169	200	0.5
201	169	0.5
227	171	0.5
172	189	0.5
172	191	0.5
228	173	0.5
209	174	0.5
175	176	0.5
175	187	0.5
216	175	0.5
187	176	0.5
177	231	0.5
207	178	0.5
215	179	0.5
190	180	0.5
213	182	0.5
183	196	0.5
183	219	0.5
223	183	0.5
230	185	0.5
237	188	0.5
233	192	0.5
193	241	0.5
195	238	0.5
223	196	0.5
222	197	0.5
200	229	0.5
201	233	0.5
203	218	0.5
204	225	0.5
226	204	0.5
214	206	0.5
206	217	0.5
221	208	0.5
243	208	0.5
210	234	0.5
214	217	0.5
216	240	0.5
220	234	0.5
243	221	0.5
225	226	0.5
245	228	0.5
246	231	0.5
236	249	0.5
246	245	0.5
