0	82	0.5
94	0	0.5
0	173	0.5
0	232	0.5
1	14	0.5
118	1	0.5
169	1	0.5
1	235	0.5
140	2	0.5
2	149	0.5
150	2	0.5
2	243	0.5
113	3	0.5
3	183	0.5
3	244	0.5
4	126	0.5
4	158	0.5
4	210	0.5
52	5	0.5
5	61	0.5
221	5	0.5
7	6	0.5
80	6	0.5
6	90	0.5
132	6	0.5
90	7	0.5
132	7	0.5
93	8	0.5
8	175	0.5
225	8	0.5
9	149	0.5
9	196	0.5
9	232	0.5
48	10	0.5
10	119	0.5
10	120	0.5
42	11	0.5
11	57	0.5
151	11	0.5
11	226	0.5
12	83	0.5
12	138	0.5
148	12	0.5
13	55	0.5
79	13	0.5
236	13	0.5
14	170	0.5
14	227	0.5
18	15	0.5
15	130	0.5
15	172	0.5
36	16	0.5
68	16	0.5
16	112	0.5
16	151	0.5
63	17	0.5
187	17	0.5
218	17	0.5
85	18	0.5
213	18	0.5
28	19	0.5
19	186	0.5
19	201	0.5
19	211	0.5
47	20	0.5
20	95	0.5
143	20	0.5
20	207	0.5
21	51	0.5
21	152	0.5
21	205	0.5
106	22	0.5
139	22	0.5
22	144	0.5
22	228	0.5
23	85	0.5
141	23	0.5
23	162	0.5
24	53	0.5
98	24	0.5
24	181	0.5
46	25	0.5
62	25	0.5
25	173	0.5
26	80	0.5
101	26	0.5
176	26	0.5
26	220	0.5
56	27	0.5
27	185	0.5
27	214	0.5
28	125	0.5
28	186	0.5
29	41	0.5
134	29	0.5
29	164	0.5
193	29	0.5
30	45	0.5
30	73	0.5
30	202	0.5
71	31	0.5
167	31	0.5
31	182	0.5
31	208	0.5
34	32	0.5
32	135	0.5
32	194	0.5
124	33	0.5
33	212	0.5
219	33	0.5
33	247	0.5
184	34	0.5
240	34	0.5
37	35	0.5
117	35	0.5
156	35	0.5
35	235	0.5
39	36	0.5
68	36	0.5
36	77	0.5
114	37	0.5
156	37	0.5
84	38	0.5
38	189	0.5
38	191	0.5
39	77	0.5
39	151	0.5
87	40	0.5
40	146	0.5
155	40	0.5
180	40	0.5
48	41	0.5
41	134	0.5
245	41	0.5
57	42	0.5
42	226	0.5
63	43	0.5
43	157	0.5
221	43	0.5
44	97	0.5
108	44	0.5
44	234	0.5
108	45	0.5
45	233	0.5
62	46	0.5
126	46	0.5
47	54	0.5
47	143	0.5
48	193	0.5
48	245	0.5
49	125	0.5
49	166	0.5
235	49	0.5
74	50	0.5
50	102	0.5
115	50	0.5
152	51	0.5
205	51	0.5
206	52	0.5
52	221	0.5
53	98	0.5
53	181	0.5
192	53	0.5
66	54	0.5
54	143	0.5
56	55	0.5
55	236	0.5
139	56	0.5
56	185	0.5
226	57	0.5
58	59	0.5
72	58	0.5
183	58	0.5
58	195	0.5
59	72	0.5
106	59	0.5
195	59	0.5
73	60	0.5
60	154	0.5
60	247	0.5
171	61	0.5
61	249	0.5
62	239	0.5
157	63	0.5
64	76	0.5
107	64	0.5
64	111	0.5
65	79	0.5
162	65	0.5
65	200	0.5
66	88	0.5
66	223	0.5
67	199	0.5
67	204	0.5
207	67	0.5
68	77	0.5
68	144	0.5
69	136	0.5
69	154	0.5
69	182	0.5
69	215	0.5
70	109	0.5
70	118	0.5
70	238	0.5
71	167	0.5
215	71	0.5
230	71	0.5
72	84	0.5
72	195	0.5
202	73	0.5
74	102	0.5
115	74	0.5
75	161	0.5
171	75	0.5
75	241	0.5
107	76	0.5
111	76	0.5
239	76	0.5
104	78	0.5
78	163	0.5
216	78	0.5
79	200	0.5
80	101	0.5
80	103	0.5
163	81	0.5
81	216	0.5
81	231	0.5
242	81	0.5
94	82	0.5
82	173	0.5
82	246	0.5
98	83	0.5
138	83	0.5
83	148	0.5
189	84	0.5
130	85	0.5
213	85	0.5
86	124	0.5
86	133	0.5
220	86	0.5
87	170	0.5
199	87	0.5
99	88	0.5
223	88	0.5
89	122	0.5
131	89	0.5
89	190	0.5
132	90	0.5
96	91	0.5
91	112	0.5
91	128	0.5
91	208	0.5
121	92	0.5
161	92	0.5
92	177	0.5
93	175	0.5
93	225	0.5
105	94	0.5
94	246	0.5
127	95	0.5
95	203	0.5
96	112	0.5
96	208	0.5
214	96	0.5
97	184	0.5
234	97	0.5
181	98	0.5
99	147	0.5
99	206	0.5
121	100	0.5
178	100	0.5
248	100	0.5
101	191	0.5
102	115	0.5
102	123	0.5
176	103	0.5
103	191	0.5
136	104	0.5
216	104	0.5
242	104	0.5
105	173	0.5
232	105	0.5
106	197	0.5
198	106	0.5
239	107	0.5
233	108	0.5
109	118	0.5
109	190	0.5
109	238	0.5
110	128	0.5
197	110	0.5
110	230	0.5
239	111	0.5
112	208	0.5
113	114	0.5
113	244	0.5
114	117	0.5
156	114	0.5
115	150	0.5
116	137	0.5
165	116	0.5
116	174	0.5
117	156	0.5
117	187	0.5
238	118	0.5
119	120	0.5
165	119	0.5
143	120	0.5
121	177	0.5
142	122	0.5
190	122	0.5
123	168	0.5
179	123	0.5
229	123	0.5
212	124	0.5
124	220	0.5
125	201	0.5
158	126	0.5
126	210	0.5
203	127	0.5
127	233	0.5
128	230	0.5
174	129	0.5
192	129	0.5
224	129	0.5
172	130	0.5
213	130	0.5
137	131	0.5
165	131	0.5
133	212	0.5
133	219	0.5
134	160	0.5
135	194	0.5
135	236	0.5
215	136	0.5
240	136	0.5
165	137	0.5
138	148	0.5
139	144	0.5
150	140	0.5
243	140	0.5
145	141	0.5
162	141	0.5
142	161	0.5
241	142	0.5
248	142	0.5
228	144	0.5
153	145	0.5
222	145	0.5
146	155	0.5
146	180	0.5
206	147	0.5
147	213	0.5
149	196	0.5
243	150	0.5
222	151	0.5
152	205	0.5
153	222	0.5
153	227	0.5
247	154	0.5
155	158	0.5
180	155	0.5
157	202	0.5
210	158	0.5
188	159	0.5
189	159	0.5
159	217	0.5
159	237	0.5
160	193	0.5
245	160	0.5
161	241	0.5
231	163	0.5
186	164	0.5
229	164	0.5
166	169	0.5
166	227	0.5
235	166	0.5
182	167	0.5
168	179	0.5
168	229	0.5
215	169	0.5
227	169	0.5
170	199	0.5
171	249	0.5
209	172	0.5
192	174	0.5
174	224	0.5
225	175	0.5
209	176	0.5
194	177	0.5
219	178	0.5
178	248	0.5
179	229	0.5
204	180	0.5
244	183	0.5
240	184	0.5
214	185	0.5
185	249	0.5
186	211	0.5
218	187	0.5
217	188	0.5
188	237	0.5
191	209	0.5
192	224	0.5
196	241	0.5
198	197	0.5
228	197	0.5
198	226	0.5
228	198	0.5
218	200	0.5
201	211	0.5
203	234	0.5
204	207	0.5
216	242	0.5
237	217	0.5
219	220	0.5
225	223	0.5
242	231	0.5
232	246	0.5
