0	41	0.5
125	0	0.5
0	216	0.5
1	36	0.5
1	57	0.5
164	1	0.5
9	2	0.5
2	138	0.5
237	2	0.5
3	68	0.5
75	3	0.5
3	114	0.5
13	4	0.5
4	52	0.5
4	238	0.5
5	133	0.5
5	174	0.5
5	198	0.5
40	6	0.5
6	85	0.5
234	6	0.5
37	7	0.5
106	7	0.5
7	156	0.5
22	8	0.5
62	8	0.5
227	8	0.5
138	9	0.5
9	237	0.5
43	10	0.5
10	50	0.5
10	149	0.5
10	228	0.5
58	11	0.5
11	170	0.5
11	235	0.5
169	12	0.5
12	175	0.5
225	12	0.5
12	232	0.5
13	52	0.5
13	238	0.5
17	14	0.5
14	61	0.5
91	14	0.5
184	14	0.5
15	40	0.5
15	105	0.5
138	15	0.5
16	42	0.5
16	66	0.5
127	16	0.5
240	16	0.5
17	86	0.5
17	91	0.5
92	17	0.5
59	18	0.5
70	18	0.5
77	18	0.5
49	19	0.5
139	19	0.5
19	151	0.5
20	23	0.5
20	98	0.5
118	20	0.5
20	241	0.5
86	21	0.5
21	207	0.5
21	236	0.5
22	62	0.5
22	227	0.5
83	23	0.5
98	23	0.5
24	25	0.5
24	166	0.5
24	248	0.5
166	25	0.5
25	222	0.5
26	76	0.5
83	26	0.5
26	158	0.5
69	27	0.5
177	27	0.5
27	195	0.5
28	100	0.5
170	28	0.5
231	28	0.5
29	56	0.5
145	29	0.5
29	221	0.5
30	54	0.5
30	127	0.5
30	136	0.5
31	64	0.5
78	31	0.5
31	130	0.5
220	31	0.5
32	60	0.5
32	63	0.5
32	157	0.5
223	32	0.5
122	33	0.5
33	134	0.5
33	143	0.5
112	34	0.5
34	178	0.5
34	208	0.5
148	35	0.5
35	203	0.5
217	35	0.5
36	57	0.5
82	36	0.5
106	37	0.5
156	37	0.5
135	38	0.5
180	38	0.5
38	231	0.5
243	38	0.5
152	39	0.5
39	175	0.5
218	39	0.5
105	40	0.5
125	41	0.5
41	216	0.5
42	140	0.5
42	162	0.5
43	50	0.5
94	43	0.5
43	149	0.5
154	44	0.5
155	44	0.5
169	44	0.5
45	69	0.5
142	45	0.5
205	45	0.5
45	213	0.5
160	46	0.5
46	183	0.5
244	46	0.5
46	249	0.5
67	47	0.5
47	90	0.5
168	47	0.5
48	140	0.5
146	48	0.5
223	48	0.5
49	153	0.5
49	214	0.5
50	219	0.5
50	228	0.5
51	77	0.5
51	81	0.5
177	51	0.5
238	52	0.5
53	121	0.5
147	53	0.5
222	53	0.5
132	54	0.5
196	54	0.5
55	108	0.5
55	206	0.5
55	210	0.5
211	55	0.5
183	56	0.5
56	221	0.5
126	57	0.5
58	199	0.5
235	58	0.5
59	72	0.5
77	59	0.5
59	159	0.5
63	60	0.5
157	60	0.5
60	211	0.5
61	115	0.5
163	61	0.5
124	62	0.5
227	62	0.5
63	131	0.5
63	157	0.5
130	64	0.5
64	220	0.5
65	70	0.5
191	65	0.5
65	209	0.5
230	65	0.5
66	149	0.5
66	240	0.5
243	66	0.5
67	90	0.5
67	168	0.5
68	75	0.5
68	247	0.5
69	142	0.5
213	69	0.5
70	84	0.5
70	189	0.5
71	95	0.5
71	125	0.5
71	224	0.5
72	87	0.5
72	128	0.5
72	185	0.5
73	200	0.5
73	205	0.5
229	73	0.5
89	74	0.5
74	103	0.5
74	104	0.5
204	74	0.5
75	83	0.5
83	76	0.5
76	158	0.5
159	77	0.5
78	117	0.5
120	78	0.5
135	79	0.5
150	79	0.5
161	79	0.5
80	97	0.5
126	80	0.5
80	226	0.5
81	93	0.5
81	159	0.5
132	82	0.5
82	136	0.5
82	196	0.5
137	84	0.5
181	84	0.5
84	246	0.5
85	90	0.5
234	85	0.5
207	86	0.5
86	236	0.5
119	87	0.5
128	87	0.5
185	87	0.5
88	93	0.5
88	102	0.5
167	88	0.5
89	103	0.5
204	89	0.5
232	89	0.5
168	90	0.5
91	92	0.5
133	91	0.5
92	144	0.5
102	93	0.5
109	94	0.5
94	144	0.5
95	122	0.5
95	224	0.5
153	96	0.5
179	96	0.5
96	187	0.5
96	233	0.5
97	186	0.5
239	97	0.5
98	118	0.5
241	98	0.5
99	111	0.5
99	123	0.5
99	141	0.5
116	100	0.5
100	170	0.5
190	100	0.5
124	101	0.5
101	147	0.5
101	190	0.5
209	102	0.5
204	103	0.5
119	104	0.5
104	212	0.5
105	143	0.5
106	156	0.5
194	107	0.5
107	210	0.5
248	107	0.5
218	108	0.5
247	108	0.5
109	144	0.5
172	109	0.5
110	141	0.5
188	110	0.5
235	110	0.5
123	111	0.5
111	141	0.5
111	188	0.5
112	186	0.5
112	208	0.5
114	113	0.5
113	158	0.5
202	113	0.5
113	215	0.5
114	202	0.5
114	215	0.5
115	163	0.5
182	115	0.5
116	164	0.5
116	165	0.5
120	117	0.5
117	187	0.5
118	241	0.5
119	212	0.5
137	120	0.5
121	147	0.5
172	121	0.5
134	122	0.5
122	143	0.5
151	123	0.5
188	123	0.5
124	190	0.5
216	125	0.5
226	126	0.5
132	127	0.5
127	196	0.5
128	185	0.5
173	129	0.5
129	193	0.5
239	129	0.5
130	220	0.5
131	242	0.5
245	131	0.5
136	132	0.5
174	133	0.5
198	133	0.5
143	134	0.5
161	135	0.5
196	136	0.5
137	181	0.5
137	246	0.5
138	237	0.5
139	151	0.5
139	198	0.5
162	140	0.5
204	141	0.5
213	142	0.5
142	216	0.5
145	153	0.5
179	145	0.5
187	145	0.5
220	146	0.5
223	146	0.5
147	192	0.5
203	148	0.5
217	148	0.5
224	148	0.5
219	149	0.5
184	150	0.5
150	199	0.5
152	171	0.5
175	152	0.5
152	225	0.5
154	169	0.5
179	154	0.5
180	155	0.5
155	243	0.5
159	214	0.5
160	244	0.5
249	160	0.5
161	195	0.5
240	162	0.5
163	166	0.5
165	164	0.5
245	165	0.5
182	167	0.5
167	201	0.5
168	189	0.5
170	231	0.5
175	171	0.5
171	232	0.5
192	172	0.5
222	172	0.5
188	173	0.5
173	193	0.5
174	198	0.5
219	176	0.5
228	176	0.5
176	240	0.5
177	195	0.5
197	178	0.5
233	178	0.5
179	214	0.5
180	242	0.5
243	180	0.5
201	181	0.5
181	246	0.5
201	182	0.5
194	183	0.5
248	183	0.5
199	184	0.5
186	239	0.5
187	214	0.5
209	189	0.5
230	189	0.5
209	191	0.5
230	191	0.5
192	226	0.5
193	213	0.5
248	194	0.5
212	197	0.5
197	233	0.5
200	205	0.5
200	221	0.5
200	229	0.5
215	202	0.5
217	203	0.5
205	229	0.5
210	206	0.5
211	206	0.5
206	237	0.5
207	236	0.5
208	234	0.5
210	211	0.5
247	218	0.5
219	228	0.5
232	225	0.5
241	230	0.5
242	245	0.5
249	244	0.5
