0	30	0.206198
104	0	0.300844
0	120	0.472766
0	214	0.303653
1	81	0.496671
106	1	0.602942
107	1	0.133405
1	159	0.395609
41	2	0.462788
2	115	0.334108
222	2	0.961237
3	31	0.547899
88	3	0.304019
3	208	0.649277
4	24	0.750196
4	38	0.827162
4	70	0.164054
4	219	0.182641
185	5	0.607522
5	205	0.899311
234	5	0.39805
123	6	0.0208926
137	6	0.450966
6	157	0.839857
150	7	0.305341
151	7	0.502262
203	7	0.0729186
98	8	0.721723
8	125	0.452604
204	8	0.553004
9	25	0.288951
9	59	0.615971
9	152	0.672188
124	10	0.260091
10	136	0.4471
10	231	0.63275
235	10	0.867805
11	153	0.61741
174	11	0.588128
11	241	0.432387
12	69	0.767469
12	94	0.713028
249	12	0.729641
13	23	0.249599
75	13	0.0763603
232	13	0.665509
14	87	0.0734535
14	154	0.546358
247	14	0.178206
15	57	0.491639
15	184	0.466207
237	15	0.652056
43	16	0.46285
16	131	0.731095
16	239	0.234707
18	17	0.794111
56	17	0.927501
216	17	0.871464
28	18	0.512713
216	18	0.967668
96	19	0.662169
19	112	0.74407
19	127	0.458434
20	40	0.477688
134	20	0.455854
20	212	0.776952
233	20	0.510123
21	74	0.662454
21	83	0.871349
21	215	0.669344
22	27	0.562325
62	22	0.294198
70	22	0.257988
23	27	0.658018
23	75	0.697378
23	232	0.725424
164	24	0.484356
24	166	0.654126
25	59	0.227181
96	25	0.855198
26	90	0.636595
132	26	0.134661
175	26	0.01075
26	181	0.588121
27	62	0.637465
39	28	0.877027
207	28	0.586242
29	110	0.251076
115	29	0.563696
29	220	0.080932
30	110	0.402634
30	214	0.697232
31	88	0.270395
31	208	0.977103
80	32	0.782933
32	109	0.21662
172	32	0.00844839
32	186	0.145959
33	112	0.644671
33	127	0.632892
128	33	0.603352
223	33	0.098492
34	64	0.22465
34	103	0.982964
183	34	0.824471
34	205	0.314033
35	60	0.696901
113	35	0.703636
35	173	0.710026
84	36	0.446546
36	165	0.0190175
227	36	0.815285
42	37	0.78421
142	37	0.684808
171	37	0.437748
233	37	0.406283
38	153	0.62032
166	38	0.294928
219	38	0.0439224
39	167	0.660165
207	39	0.0786709
134	40	0.28384
212	40	0.349133
41	208	0.245314
41	222	0.429664
42	156	0.780956
42	177	0.561042
51	43	0.649484
43	239	0.569647
122	44	0.761959
189	44	0.473807
220	44	0.329871
44	245	0.566569
108	45	0.425456
161	45	0.193598
45	182	0.446945
86	46	0.286801
46	91	0.86793
135	46	0.440775
47	61	0.178753
130	47	0.43714
47	238	0.202293
81	48	0.729489
48	106	0.578488
107	48	0.671327
159	48	0.672622
49	53	0.00608968
49	158	0.103598
49	188	0.169439
50	138	0.662548
50	162	0.499329
50	230	0.894403
163	51	0.721005
200	51	0.652092
52	53	0.5967
80	52	0.527614
172	52	0.600373
186	52	0.200761
158	53	0.325495
54	92	0.168203
54	117	0.989454
54	207	0.455361
100	55	0.902258
167	55	0.577075
55	228	0.672515
119	56	0.704065
56	171	0.563522
127	57	0.162292
57	184	0.0824545
87	58	0.264368
58	98	0.433919
129	58	0.478594
103	59	0.993022
60	72	0.34991
60	176	0.468707
130	61	0.498054
238	61	0.193497
242	61	0.723891
62	183	0.54679
63	116	0.348254
160	63	0.481672
63	191	0.529477
63	216	0.821041
103	64	0.332013
64	183	0.32178
82	65	0.945038
65	93	0.912305
65	169	0.300915
77	66	0.695183
66	126	0.313788
66	244	0.563517
67	95	0.328838
67	194	0.411376
67	202	0.690744
105	68	0.649725
68	150	0.249928
68	155	0.399123
69	94	0.798678
69	249	0.324111
70	166	0.290475
70	219	0.326856
71	102	0.543173
71	122	0.20505
71	146	0.67849
71	223	0.646781
113	72	0.305554
137	72	0.430396
73	118	0.67458
73	140	0.0909721
218	73	0.738718
74	83	0.437914
215	74	0.629553
75	232	0.502084
148	76	0.295161
76	179	0.215644
195	76	0.38071
218	76	0.3044
86	77	0.621713
244	77	0.467229
78	141	0.461642
231	78	0.375245
78	235	0.440499
79	104	0.52546
79	120	0.846681
221	79	0.289675
79	240	0.421423
80	109	0.929678
186	80	0.289476
106	81	0.359577
81	159	0.290303
82	93	0.71787
169	82	0.538705
215	82	0.472422
83	206	0.659944
215	83	0.310482
165	84	0.860223
227	84	0.392517
85	89	0.812682
85	90	0.507877
132	85	0.420946
85	181	0.392358
91	86	0.0699923
98	87	0.627632
192	87	0.299783
88	208	0.930861
132	89	0.144788
89	196	0.707418
210	89	0.740089
210	90	0.0680429
91	118	0.550473
92	117	0.390128
92	125	0.594449
169	93	0.655744
190	94	0.304179
94	249	0.223981
95	202	0.535023
95	240	0.424174
112	96	0.0265121
96	128	0.982736
99	97	0.112726
97	161	0.669485
97	193	0.397441
97	243	0.309517
129	98	0.900527
99	145	0.409183
174	99	0.259125
167	100	0.353291
100	228	0.738218
101	111	0.337028
192	101	0.167852
201	101	0.174968
124	102	0.487659
102	146	0.631705
102	223	0.268452
103	183	0.274267
105	104	0.104946
104	214	0.446861
114	105	0.211253
155	105	0.813414
107	106	0.0576644
108	182	0.47706
224	108	0.267225
109	184	0.141489
115	110	0.23499
220	110	0.639032
129	111	0.028268
111	192	0.325535
111	201	0.384133
112	128	0.877106
113	149	0.453872
176	113	0.552449
114	150	0.483456
151	114	0.833658
114	175	0.370832
115	220	0.466721
116	149	0.748667
116	191	0.460443
209	116	0.572574
117	247	0.999198
118	218	0.210206
171	119	0.00647286
119	181	0.591181
120	221	0.864085
121	139	0.994042
156	121	0.479993
121	170	0.678825
189	122	0.539924
245	122	0.21537
123	180	0.314347
211	123	0.581138
136	124	0.280164
124	235	0.265464
204	125	0.26094
204	126	0.441167
244	126	0.178169
127	128	0.590174
130	238	0.697354
160	131	0.797924
131	209	0.612407
210	132	0.541848
133	152	0.508543
133	178	0.339496
226	133	0.112508
172	134	0.752447
212	134	0.389375
152	135	0.280087
178	135	0.231946
226	135	0.743065
231	136	0.918681
137	157	0.699196
138	162	0.174602
138	230	0.922601
139	156	0.272483
139	170	0.392434
190	140	0.332943
199	140	0.0768673
217	140	0.267736
141	235	0.398886
141	246	0.117215
177	142	0.396661
206	142	0.807696
233	142	0.240848
144	143	0.452134
143	188	0.63358
224	143	0.580251
237	143	0.522716
224	144	0.696074
237	144	0.413178
174	145	0.0796412
145	210	0.869352
146	223	0.661302
168	147	0.742497
147	225	0.225936
147	236	0.799174
179	148	0.670026
195	148	0.46344
148	211	0.435819
149	173	0.191666
149	176	0.280341
198	150	0.762773
151	203	0.91159
226	152	0.363748
153	241	0.0216255
240	154	0.745463
247	154	0.0182936
175	155	0.612418
155	198	0.655284
156	170	0.684998
157	185	0.192654
180	158	0.532826
160	191	0.172962
193	161	0.243678
243	161	0.888109
230	162	0.14839
163	200	0.771458
163	209	0.632966
166	164	0.228097
219	164	0.855798
165	227	0.336391
167	228	0.288546
236	168	0.321628
237	168	0.274744
170	241	0.318671
173	176	0.163999
198	175	0.932451
206	177	0.661189
178	197	0.00684512
226	178	0.479891
195	179	0.487392
196	180	0.502834
211	180	0.831175
182	202	0.310008
185	205	0.0895696
234	185	0.722361
188	187	0.346578
213	187	0.712684
242	187	0.194035
188	213	0.234495
189	245	0.325003
199	190	0.580188
217	190	0.0774745
191	209	0.568211
192	201	0.429988
193	243	0.827686
194	225	0.575534
246	194	0.815273
211	196	0.487154
197	229	0.608385
248	197	0.571654
217	199	0.662534
199	238	0.682064
200	234	0.261215
203	244	0.175054
205	234	0.670856
233	206	0.329575
213	242	0.0495135
248	213	0.484069
240	221	0.807163
222	236	0.14275
246	225	0.439023
239	229	0.196761
248	229	0.665802
