0	37	0.0972144
59	0	0.840529
0	97	0.623472
0	140	0.201481
1	65	0.234737
79	1	0.695105
114	1	0.480065
2	3	0.384881
45	2	0.29465
2	182	0.515108
136	3	0.201593
3	182	0.865668
66	4	0.0763517
4	120	0.350865
4	215	0.0488165
5	21	0.108836
5	25	0.682218
5	148	0.0186103
89	6	0.418976
6	98	0.558142
124	6	0.333343
161	7	0.82042
162	7	0.642123
7	206	0.386872
9	8	0.627069
22	8	0.729786
24	8	0.440784
185	8	0.57609
9	26	0.195016
159	9	0.187266
10	46	0.698122
10	129	0.452962
10	203	0.0211695
244	10	0.189216
11	23	0.538423
11	88	0.528906
112	11	0.635128
11	171	0.802725
156	12	0.103196
12	181	0.444602
12	183	0.807027
13	99	0.757523
130	13	0.786686
13	148	0.358372
46	14	0.409121
85	14	0.651578
14	93	0.114486
14	165	0.664888
155	15	0.470672
15	170	0.405811
15	186	0.564447
67	16	0.191609
80	16	0.564753
16	192	0.314827
17	78	0.373252
149	17	0.137946
187	17	0.38101
51	18	0.489012
63	18	0.963242
104	18	0.545756
39	19	0.434589
19	177	0.587574
19	204	0.474914
19	225	0.509549
72	20	0.305075
20	101	0.638826
193	20	0.370659
21	148	0.41146
21	247	0.257723
22	24	0.613049
22	185	0.500629
61	23	0.305285
88	23	0.17958
23	112	0.386557
24	80	0.861454
24	185	0.415154
36	25	0.943261
25	175	0.821393
25	235	0.172653
153	26	0.900591
26	159	0.294284
28	27	0.247323
128	27	0.680431
27	249	0.585915
28	128	0.585805
249	28	0.658502
86	29	0.676978
29	121	0.777076
218	29	0.548079
30	49	0.617236
30	108	0.135199
30	205	0.174708
31	100	0.0872614
31	133	0.932172
160	31	0.112196
31	166	0.704482
151	32	0.546911
32	228	0.546333
32	237	0.791769
32	245	0.439661
55	33	0.826311
134	33	0.419161
33	172	0.193819
33	173	0.182679
48	34	0.344996
34	58	0.537291
34	91	0.689128
52	35	0.43283
35	152	0.679791
154	35	0.442828
35	219	0.329436
38	36	0.365609
175	36	0.0884299
235	36	0.536685
58	37	0.75062
59	37	0.545745
38	144	0.356143
210	38	0.144579
77	39	0.193872
39	177	0.618853
204	39	0.531834
125	40	0.557488
131	40	0.805376
40	239	0.424208
41	60	0.762196
41	135	0.416067
41	195	0.473092
246	41	0.549749
42	115	0.380076
213	42	0.607048
214	42	0.937434
95	43	0.251248
43	167	0.566532
228	43	0.0917372
139	44	0.62459
44	183	0.651764
196	44	0.189087
44	233	0.31298
118	45	0.169948
45	239	0.501601
129	46	0.437022
46	203	0.513237
59	47	0.371848
47	199	0.292326
248	47	0.85862
58	48	0.693342
48	240	0.707807
49	108	0.395369
49	205	0.820754
49	209	0.489299
50	56	0.1368
50	97	0.266932
207	50	0.582734
153	51	0.363359
51	209	0.315944
163	52	0.235885
219	52	0.644628
230	52	0.417137
57	53	0.423827
53	111	0.168256
53	136	0.6201
54	119	0.551832
160	54	0.333518
240	54	0.211358
55	134	0.109162
172	55	0.451785
55	173	0.718348
207	56	0.900269
56	234	0.583179
111	57	0.900523
57	136	0.598376
97	59	0.303168
135	60	0.826238
60	138	0.139307
60	246	0.855422
92	61	0.357854
112	61	0.777821
171	61	0.71811
62	109	0.0152088
62	110	0.253819
174	62	0.446603
63	75	0.415661
63	104	0.830172
145	64	0.0860197
64	226	0.433433
247	64	0.565322
65	79	0.311371
65	99	0.398628
114	65	0.6107
66	120	0.50659
66	248	0.109375
67	80	0.542889
67	192	0.741906
68	96	0.957757
234	68	0.799432
68	241	0.40533
69	76	0.515445
69	83	0.323668
69	206	0.166207
69	224	0.190609
70	132	0.720757
70	217	0.906542
70	223	0.107006
70	242	0.406708
71	140	0.662579
188	71	0.713209
220	71	0.971961
72	190	0.315783
72	221	0.498749
232	72	0.60729
73	179	0.580843
200	73	0.629986
73	216	0.600756
75	74	0.30247
74	116	0.424946
137	74	0.305172
116	75	0.745007
83	76	0.710167
131	76	0.528573
76	224	0.385452
141	77	0.129494
77	143	0.600008
78	119	0.283511
78	149	0.337769
187	78	0.323273
79	114	0.0193168
79	157	0.86857
192	80	0.257336
101	81	0.708194
81	191	0.419329
81	243	0.510208
180	82	0.0965322
210	82	0.540761
82	227	0.460318
236	82	0.677431
224	83	0.487435
93	84	0.232188
84	135	0.689263
84	195	0.731924
246	84	0.290779
85	93	0.284907
165	85	0.502541
121	86	0.70969
218	86	0.281712
87	103	0.347059
144	87	0.785829
87	164	0.35726
92	88	0.350355
98	89	0.0744415
89	124	0.73516
90	105	0.700712
90	113	0.529639
215	90	0.917484
122	91	0.820769
91	222	0.79717
92	171	0.234111
93	165	0.713626
165	94	0.76599
94	184	0.627335
231	94	0.155857
95	106	0.478475
95	228	0.957447
96	118	0.564434
234	96	0.243681
96	241	0.68088
124	98	0.260199
207	98	0.768702
99	130	0.293762
100	133	0.371487
166	100	0.6379
185	100	0.297555
193	101	0.925525
102	138	0.700937
102	158	0.72684
102	232	0.711756
164	103	0.714844
103	197	0.922928
150	104	0.0939009
113	105	0.750275
215	105	0.688554
106	125	0.919296
131	106	0.441669
106	222	0.4908
109	107	0.838428
137	107	0.121004
146	107	0.868533
107	202	0.758237
108	205	0.843104
109	110	0.790326
109	174	0.543385
174	110	0.349859
111	136	0.178568
161	111	0.141777
113	116	0.591642
113	215	0.35955
114	201	0.338513
115	213	0.310987
214	115	0.817238
117	196	0.794023
117	197	0.395689
208	117	0.535436
117	244	0.864717
118	239	0.700961
119	160	0.600232
240	119	0.350688
120	139	0.0937648
218	121	0.467926
178	122	0.135746
122	222	0.429176
147	123	0.200105
211	123	0.814283
123	245	0.239237
211	124	0.605839
131	125	0.772789
198	125	0.129417
126	142	0.483057
126	145	0.593581
225	126	0.826065
127	132	0.705425
217	127	0.283322
127	242	0.643062
128	197	0.47935
249	128	0.365042
203	129	0.422587
168	130	0.451239
217	132	0.718824
223	132	0.241498
166	133	0.365406
172	134	0.224796
135	195	0.93289
137	146	0.817602
137	202	0.391041
138	158	0.269653
139	196	0.69801
233	139	0.545804
188	140	0.701298
220	140	0.979582
141	143	0.317445
141	193	0.13193
189	142	0.881153
225	142	0.44282
200	143	0.945899
210	144	0.483994
145	226	0.992988
247	145	0.320457
202	146	0.402458
155	147	0.842466
211	147	0.757161
187	149	0.55505
150	178	0.47221
150	179	0.782129
237	151	0.662314
151	245	0.00245419
151	249	0.512311
154	152	0.593349
163	152	0.622279
152	230	0.346832
153	209	0.940638
154	163	0.0465845
170	155	0.0511759
155	186	0.580571
181	156	0.369401
156	183	0.563858
167	157	0.109192
229	157	0.192879
213	158	0.784322
159	204	0.259344
160	240	0.989774
161	206	0.691559
176	162	0.242676
162	198	0.10933
233	164	0.576826
229	167	0.153535
189	168	0.40185
168	194	0.517331
168	201	0.545275
205	169	0.435934
212	169	0.518214
169	238	0.490866
170	186	0.139511
173	172	0.364786
231	173	0.515537
175	235	0.899802
176	198	0.866757
199	176	0.976358
191	177	0.671889
177	204	0.235502
179	178	0.440086
227	180	0.310107
236	180	0.531775
183	181	0.159433
182	238	0.407351
184	231	0.75149
243	184	0.702325
241	186	0.0349043
208	188	0.39623
220	188	0.632034
189	194	0.818897
189	201	0.469621
221	190	0.140412
232	190	0.794612
191	243	0.627435
194	201	0.14398
195	246	0.974126
197	208	0.465494
248	199	0.18586
216	200	0.616269
202	212	0.737057
244	208	0.209659
238	212	0.342736
213	214	0.332551
216	229	0.389133
217	242	0.768857
219	230	0.849039
232	221	0.425347
223	242	0.213669
247	226	0.896011
236	227	0.265179
234	241	0.658357
245	237	0.420742
