0	60	0.408944
145	0	0.662617
0	152	0.672644
0	171	0.508465
1	28	0.843623
110	1	0.38995
241	1	0.595533
2	14	0.688586
78	2	0.305986
2	159	0.484838
40	3	0.399411
3	107	0.433146
144	3	0.434796
4	23	0.543365
4	102	0.431828
4	205	0.383632
5	43	0.288887
5	109	0.27703
119	5	0.563782
5	174	0.537538
8	6	0.666836
52	6	0.55394
86	6	0.596089
7	10	0.698254
21	7	0.457313
199	7	0.0964478
86	8	0.0762341
223	8	0.633472
9	112	0.57184
150	9	0.624387
9	182	0.724305
9	226	0.189116
10	21	0.436923
170	10	0.379548
10	199	0.324385
11	36	0.750271
127	11	0.337602
11	181	0.274308
51	12	0.454639
12	56	0.875192
12	185	0.65209
12	239	0.575258
82	13	0.999581
13	100	0.256188
211	13	0.279396
37	14	0.542181
14	159	0.849472
15	162	0.54123
236	15	0.360544
15	249	0.662874
16	41	0.441541
179	16	0.0956904
215	16	0.37085
17	152	0.531662
17	216	0.68412
240	17	0.796084
47	18	0.640057
54	18	0.613547
147	18	0.579254
166	18	0.116624
27	19	0.60601
19	143	0.79938
19	147	0.437416
20	49	0.400288
72	20	0.494327
20	75	0.41636
198	20	0.789895
21	199	0.895664
21	211	0.630962
22	95	0.673237
22	101	0.274057
163	22	0.937999
164	22	0.377854
23	102	0.145608
23	205	0.62162
24	26	0.204389
88	24	0.542916
24	103	0.1453
25	45	0.855578
137	25	0.305283
25	224	0.536567
59	26	0.911791
88	26	0.62726
27	143	0.739674
27	147	0.0159704
227	27	0.141609
110	28	0.506558
28	195	0.752578
104	29	0.747648
29	195	0.454445
29	238	0.766432
30	63	0.155151
30	141	0.339274
30	217	0.745203
74	31	0.675088
31	99	0.807173
105	31	0.725423
32	125	0.445563
32	128	0.182297
32	157	0.814358
242	32	0.868896
59	33	0.172346
33	118	0.267688
33	151	0.29143
175	34	0.276853
34	176	0.230588
34	187	0.650587
97	35	0.747327
35	155	0.349882
192	35	0.506233
36	111	0.326515
229	36	0.907403
83	37	0.883079
160	37	0.59004
189	37	0.563389
39	38	0.263843
38	42	0.355627
170	38	0.569558
130	39	0.763262
39	170	0.085617
144	40	0.612854
159	40	0.837949
71	41	0.524713
41	215	0.043905
42	149	0.183378
42	212	0.31136
43	109	0.402295
119	43	0.325504
43	142	0.876196
51	44	0.727046
185	44	0.555399
239	44	0.45501
45	163	0.390582
224	45	0.625361
97	46	0.401635
46	136	0.543969
177	46	0.378345
46	231	0.578119
54	47	0.546371
47	166	0.873834
80	48	0.103754
48	103	0.397385
156	48	0.932703
49	72	0.316936
113	49	0.449702
92	50	0.114359
50	208	0.327794
50	221	0.789287
50	243	0.130843
51	56	0.799722
52	132	0.605876
52	183	0.343655
219	52	0.725678
76	53	0.965091
53	154	0.336299
247	53	0.742391
166	54	0.285205
61	55	0.301344
169	55	0.868823
55	200	0.847979
55	233	0.376665
56	230	0.242514
239	56	0.612946
68	57	0.127057
57	168	0.705321
194	57	0.392916
58	157	0.623494
242	58	0.523734
58	248	0.433776
118	59	0.318082
59	151	0.411681
93	60	0.477011
145	60	0.223364
60	244	0.608433
61	114	0.0804499
135	61	0.89836
77	62	0.675511
114	62	0.565463
62	184	0.659154
63	141	0.629118
144	63	0.695313
64	90	0.487765
64	124	0.454125
248	64	0.808655
65	67	0.846763
123	65	0.514477
65	222	0.458129
66	122	0.462102
188	66	0.304592
66	237	0.405793
67	123	0.532594
67	213	0.793448
68	104	0.726558
68	168	0.976857
194	68	0.48981
69	79	0.46766
69	139	0.594668
69	235	0.768471
70	136	0.895423
70	178	0.455295
70	207	0.339202
70	212	0.614819
71	77	0.522574
71	96	0.622794
71	106	0.3023
140	72	0.757858
148	73	0.517739
73	161	0.922927
73	167	0.650449
83	74	0.435437
74	99	0.343992
85	75	0.508651
75	113	0.455607
140	75	0.479719
76	154	0.959104
247	76	0.731502
96	77	0.149622
106	77	0.380057
121	78	0.93135
78	220	0.596945
221	78	0.45262
79	139	0.774746
79	156	0.809388
79	235	0.449758
103	80	0.525555
80	156	0.218563
81	116	0.470795
158	81	0.202986
186	81	0.28303
81	243	0.840888
82	211	0.466351
232	82	0.650867
160	83	0.0800226
83	189	0.477141
123	84	0.854296
148	84	0.899766
165	84	0.913033
85	91	0.140673
85	202	0.323741
191	86	0.252446
87	121	0.536993
127	87	0.541039
220	87	0.741016
149	88	0.439774
89	90	0.86053
137	89	0.00396495
89	179	0.544648
137	90	0.294345
181	91	0.529546
91	202	0.375338
92	133	0.55685
92	232	0.693164
124	93	0.680971
145	93	0.309177
93	244	0.430718
94	131	0.57997
94	172	0.863363
191	94	0.627837
95	101	0.27746
164	95	0.685244
96	106	0.289027
97	177	0.160783
97	231	0.208386
143	98	0.589654
98	153	0.369355
173	98	0.0809849
228	98	0.215515
99	249	0.561622
100	133	0.87766
211	100	0.325375
164	101	0.118883
120	102	0.473575
102	205	0.518414
103	156	0.507446
104	238	0.534389
138	105	0.294078
105	193	0.470929
241	105	0.211517
203	107	0.189606
218	107	0.457561
108	115	0.989101
141	108	0.0813163
108	180	0.278898
190	108	0.613534
142	109	0.19094
209	109	0.535024
110	132	0.60699
111	224	0.677751
111	229	0.616227
112	150	0.746472
182	112	0.728687
112	184	0.322834
140	113	0.389883
113	198	0.433648
114	128	0.493636
114	184	0.977798
115	180	0.353412
190	115	0.500021
116	158	0.578399
116	186	0.645785
206	117	0.570025
117	214	0.188413
117	217	0.601381
118	151	0.729075
174	119	0.151196
119	209	0.613597
171	120	0.601841
227	120	0.315065
121	220	0.642411
167	122	0.318874
188	122	0.503963
122	237	0.42096
248	124	0.329308
157	125	0.68802
242	125	0.61225
126	225	0.525831
126	245	0.537241
246	126	0.42091
127	181	0.403556
184	128	0.766438
128	230	0.776205
129	130	0.130042
210	129	0.543727
234	129	0.379413
210	130	0.584422
234	130	0.742154
172	131	0.295716
191	131	0.43043
202	131	0.574511
132	196	0.759304
132	219	0.0999438
133	232	0.618337
134	187	0.838633
134	197	0.598223
222	134	0.325524
169	135	0.796698
201	135	0.189977
135	233	0.0897284
136	178	0.203659
207	136	0.457027
150	138	0.3793
193	138	0.410499
235	139	0.892079
140	198	0.272727
174	142	0.35875
209	142	0.386021
147	143	0.465956
152	145	0.590385
204	146	0.286648
146	225	0.177018
146	226	0.12505
165	148	0.141916
148	213	0.41266
149	212	0.176366
203	151	0.372476
244	152	0.394041
153	160	0.572732
153	173	0.159027
153	228	0.708389
240	154	0.655714
154	247	0.0930006
192	155	0.359168
155	215	0.640251
242	157	0.556165
186	158	0.834628
167	161	0.345591
161	204	0.398594
162	197	0.0441082
162	236	0.175811
249	162	0.656088
163	224	0.669491
213	165	0.492129
214	165	0.543843
218	166	0.610068
168	194	0.770462
169	200	0.467205
201	169	0.106441
227	171	0.779182
172	189	0.410892
172	191	0.861653
228	173	0.425596
209	174	0.392535
175	176	0.129245
175	187	0.58316
216	175	0.306716
187	176	0.39677
177	231	0.437562
207	178	0.49671
215	179	0.616087
190	180	0.70101
213	182	0.675057
183	196	0.865469
183	219	0.476532
223	183	0.0448464
230	185	0.484981
237	188	0.477039
233	192	0.710274
193	241	0.847129
195	238	0.413205
223	196	0.681072
222	197	0.407711
200	229	0.579552
201	233	0.35334
203	218	0.350484
204	225	0.702815
226	204	0.514493
214	206	0.609563
206	217	0.223302
221	208	0.275077
243	208	0.571982
210	234	0.507038
214	217	0.758347
216	240	0.160228
220	234	0.275318
243	221	0.589384
225	226	0.0903458
245	228	0.732066
246	231	0.341624
236	249	0.869697
246	245	0.639797
