0	33	0.374158
49	0	0.784966
0	123	0.465076
0	196	0.434294
1	3	0.310479
45	1	0.694113
46	1	0.634563
1	83	0.131724
116	2	0.703998
2	148	0.822518
218	2	0.656306
3	45	0.521608
131	3	0.391801
4	59	0.659254
4	62	0.377144
4	140	0.378979
4	180	0.499853
5	9	0.47847
45	5	0.355179
5	46	0.192103
149	6	0.313848
230	6	0.375494
234	6	0.675839
7	86	0.450217
94	7	0.416495
100	7	0.370435
81	8	0.824493
101	8	0.170561
8	206	0.558464
46	9	0.383792
9	125	0.65152
10	57	0.662531
10	121	0.648184
221	10	0.264183
10	244	0.370381
11	12	0.718355
61	11	0.663248
11	72	0.409923
61	12	0.632184
12	170	0.602639
12	213	0.371076
13	49	0.589233
83	13	0.492338
13	93	0.776419
66	14	0.723968
67	14	0.645313
14	248	0.534633
15	186	0.187665
212	15	0.534881
15	215	0.509262
16	156	0.47323
175	16	0.710646
182	16	0.408808
17	128	0.448888
17	179	0.300694
192	17	0.234087
228	17	0.297814
60	18	0.0605659
139	18	0.508343
201	18	0.871733
32	19	0.549015
19	96	0.649935
19	168	0.33279
20	40	0.754593
103	20	0.961487
20	142	0.325985
30	21	0.84007
21	34	0.478158
21	222	0.679435
22	23	0.285161
22	75	0.246587
205	22	0.334016
224	22	0.578921
23	63	0.601085
23	138	0.320118
24	77	0.554049
90	24	0.28168
24	114	0.660943
25	74	0.230392
153	25	0.0212916
25	174	0.94768
198	25	0.535828
78	26	0.329528
26	115	0.793462
26	117	0.643674
177	26	0.680848
68	27	0.349846
27	166	0.411765
219	27	0.813979
28	76	0.209305
28	136	0.538848
28	235	0.472473
28	247	0.419299
29	57	0.276413
89	29	0.919001
29	111	0.270905
217	29	0.764088
30	37	0.781431
30	236	0.696551
31	48	0.0744594
74	31	0.105649
78	31	0.277025
31	198	0.723831
32	96	0.32791
168	32	0.471357
33	107	0.422981
33	123	0.561532
196	33	0.531256
34	71	0.0268178
222	34	0.556536
35	69	0.728812
152	35	0.391189
197	35	0.488678
130	36	0.450583
133	36	0.663884
237	36	0.879526
37	79	0.375524
236	37	0.45347
127	38	0.842464
38	136	0.309885
210	38	0.873111
243	38	0.809296
206	39	0.110478
39	216	0.603244
39	220	0.481502
40	115	0.590355
40	158	0.504327
159	40	0.523646
41	110	0.474342
120	41	0.657567
165	41	0.222582
118	42	0.509124
42	131	0.761365
149	42	0.732323
58	43	0.271581
43	70	0.497621
151	43	0.0997826
43	211	0.616734
88	44	0.272428
44	157	0.669658
203	44	0.696688
45	46	0.483339
92	47	0.332341
47	104	0.216399
137	47	0.334868
244	47	0.537869
48	153	0.53719
48	217	0.791626
49	92	0.0662963
49	191	0.639783
50	112	0.638016
50	148	0.627927
218	50	0.663643
115	51	0.627177
51	142	0.755632
158	51	0.450822
159	51	0.633625
58	52	0.791688
79	52	0.275545
52	154	0.653477
53	58	0.640522
53	127	0.489787
151	53	0.812609
211	53	0.927454
54	104	0.852085
137	54	0.492623
54	204	0.419161
61	55	0.229818
55	110	0.491702
170	55	0.291877
56	199	0.701862
205	56	0.591915
209	56	0.258579
57	98	0.79015
57	221	0.0104095
151	58	0.419635
62	59	0.532134
94	59	0.301548
59	180	0.96786
60	109	0.249283
139	60	0.464551
61	72	0.782834
62	178	0.762713
180	62	0.657405
63	75	0.287864
138	63	0.55046
64	183	0.532447
64	197	0.844704
249	64	0.427894
65	154	0.553883
65	214	0.568348
65	235	0.326584
66	67	0.324747
66	248	0.5463
184	67	0.073251
67	248	0.675816
68	73	0.782761
68	145	0.505159
68	171	0.240086
69	109	0.297597
69	129	0.966444
70	211	0.632996
70	246	0.47286
71	125	0.213359
71	143	0.242765
118	72	0.0613538
170	72	0.488509
73	145	0.687024
73	164	0.987934
233	73	0.351251
74	174	0.486474
198	74	0.21942
75	138	0.33467
205	75	0.181287
76	136	0.593568
181	76	0.506652
247	76	0.468701
114	77	0.609363
162	77	0.127835
77	231	0.27898
177	78	0.440012
79	154	0.801839
80	117	0.344199
80	122	0.455456
177	80	0.788415
81	101	0.0333306
81	234	0.731837
85	82	0.39105
147	82	0.302211
82	202	0.12418
83	92	0.24266
95	84	0.2966
141	84	0.412703
84	199	0.472593
240	84	0.403543
147	85	0.110464
228	85	0.494305
86	106	0.720944
86	231	0.0501033
132	87	0.747511
87	146	0.293586
227	87	0.188828
157	88	0.729351
173	88	0.182259
88	203	0.582619
91	89	0.556926
89	111	0.818103
181	89	0.311472
114	90	0.217148
90	143	0.574487
91	214	0.879689
91	235	0.7649
135	93	0.374284
241	93	0.590156
94	100	0.638119
95	216	0.36306
95	240	0.16533
168	96	0.77983
97	99	0.00137188
102	97	0.466802
97	128	0.511432
98	100	0.686816
98	134	0.33668
173	98	0.863278
99	189	0.318691
193	99	0.114123
223	99	0.75329
101	134	0.463435
102	128	0.912409
179	102	0.614784
184	103	0.494929
229	103	0.68679
104	122	0.650216
104	204	0.600321
105	163	0.240997
178	105	0.062922
105	246	0.758008
231	106	0.836303
241	106	0.567692
140	107	0.642176
107	144	0.508347
187	107	0.307246
108	113	0.660953
146	108	0.200199
227	108	0.604437
129	109	0.81125
110	120	0.507669
110	165	0.45897
111	181	0.563731
111	217	0.367836
195	112	0.535588
112	239	0.856386
146	113	0.96601
113	227	0.572058
113	236	0.731228
114	135	0.958465
115	142	0.45293
195	116	0.660913
116	218	0.499178
117	122	0.18567
177	117	0.475648
118	170	0.866762
119	155	0.437634
119	185	0.293095
239	119	0.413241
120	165	0.274682
245	120	0.846168
215	121	0.858972
121	221	0.387912
196	123	0.220528
162	124	0.398253
124	167	0.3892
190	124	0.847936
143	125	0.827513
160	126	0.388224
126	169	0.277651
126	207	0.301656
210	127	0.817938
127	219	0.650235
163	129	0.243548
130	133	0.806514
130	237	0.249332
149	131	0.448251
211	132	0.270232
227	132	0.261654
237	133	0.921892
173	134	0.295862
242	134	0.436612
241	135	0.816723
137	244	0.45991
139	201	0.561763
140	144	0.351081
140	187	0.278476
141	232	0.26544
240	141	0.0542589
159	142	0.605411
187	144	0.0973278
145	172	0.687323
145	233	0.575031
202	147	0.72952
165	148	0.500903
176	150	0.321701
238	150	0.794412
150	242	0.934346
232	151	0.223607
197	152	0.328503
200	152	0.241514
240	152	0.649302
174	153	0.837772
155	185	0.216741
155	239	0.301391
175	156	0.738638
156	182	0.558036
157	203	0.43968
159	158	0.45137
169	160	0.526616
160	207	0.937636
161	194	0.494519
161	208	0.657406
209	161	0.480398
162	167	0.340777
190	162	0.59114
163	178	0.403569
172	164	0.58086
225	164	0.631727
233	164	0.686326
166	175	0.994608
166	219	0.632453
167	190	0.822081
201	167	0.416509
168	209	0.517669
207	169	0.453476
172	171	0.572499
183	171	0.266988
172	233	0.493705
173	242	0.182577
198	174	0.84509
182	175	0.317178
176	232	0.202351
176	238	0.431572
246	178	0.138229
192	179	0.650768
179	228	0.525171
180	230	0.377214
217	181	0.0755791
194	182	0.809237
183	249	0.615722
229	184	0.814081
239	185	0.323412
212	186	0.639456
215	186	0.206512
188	220	0.776736
188	225	0.529429
226	188	0.262329
193	189	0.787189
223	189	0.252392
222	190	0.560301
191	213	0.845651
191	245	0.303946
228	192	0.822797
223	193	0.628872
194	199	0.687645
194	210	0.14643
195	218	0.608011
197	200	0.610016
208	199	0.242039
208	200	0.149129
202	204	0.810366
244	204	0.533633
224	205	0.141727
206	216	0.501362
208	209	0.568271
210	243	0.49197
212	215	0.473567
245	213	0.498672
214	224	0.704287
235	214	0.268129
225	220	0.369255
220	226	0.537619
226	225	0.199927
249	229	0.34122
234	230	0.642308
232	238	0.32099
247	243	0.572074
