0	82	0.695756
94	0	0.0135027
0	173	0.642517
0	232	0.249241
1	14	0.619626
118	1	0.531954
169	1	0.391486
1	235	0.439725
140	2	0.922146
2	149	0.489986
150	2	0.729548
2	243	0.0852788
113	3	0.738784
3	183	0.666163
3	244	0.975891
4	126	0.445628
4	158	0.355536
4	210	0.266615
52	5	0.305367
5	61	0.253932
221	5	0.0240577
7	6	0.399508
80	6	0.19129
6	90	0.398396
132	6	0.519525
90	7	0.475272
132	7	0.593049
93	8	0.530087
8	175	0.699145
225	8	0.5059
9	149	0.903635
9	196	0.406873
9	232	0.171819
48	10	0.227547
10	119	0.617292
10	120	0.0258027
42	11	0.504912
11	57	0.87917
151	11	0.600362
11	226	0.800586
12	83	0.707919
12	138	0.590017
148	12	0.540576
13	55	0.77197
79	13	0.134
236	13	0.30977
14	170	0.472879
14	227	0.374542
18	15	0.199467
15	130	0.541079
15	172	0.203387
36	16	0.860743
68	16	0.564756
16	112	0.338867
16	151	0.278245
63	17	0.402118
187	17	0.491919
218	17	0.0831907
85	18	0.378786
213	18	0.542861
28	19	0.34835
19	186	0.540826
19	201	0.49839
19	211	0.409983
47	20	0.533456
20	95	0.0853573
143	20	0.84387
20	207	0.811466
21	51	0.571101
21	152	0.443996
21	205	0.31691
106	22	0.677994
139	22	0.537511
22	144	0.499439
22	228	0.991482
23	85	0.400965
141	23	0.514679
23	162	0.187264
24	53	0.348368
98	24	0.422052
24	181	0.807129
46	25	0.563773
62	25	0.894085
25	173	0.0125357
26	80	0.548056
101	26	0.519964
176	26	0.694188
26	220	0.688933
56	27	0.459209
27	185	0.468356
27	214	0.0168302
28	125	0.769939
28	186	0.400261
29	41	0.369802
134	29	0.220165
29	164	0.5677
193	29	0.478114
30	45	0.49599
30	73	0.671631
30	202	0.505327
71	31	0.0630703
167	31	0.524339
31	182	0.254844
31	208	0.527026
34	32	0.43563
32	135	0.754677
32	194	0.703639
124	33	0.722471
33	212	0.512822
219	33	0.837488
33	247	0.244099
184	34	0.489453
240	34	0.618108
37	35	0.235841
117	35	0.808387
156	35	0.691263
35	235	0.772223
39	36	0.20695
68	36	0.614679
36	77	0.694615
114	37	0.556214
156	37	0.556221
84	38	0.809021
38	189	0.392981
38	191	0.326847
39	77	0.240003
39	151	0.491426
87	40	0.200854
40	146	0.431618
155	40	0.674499
180	40	0.765353
48	41	0.4585
41	134	0.652904
245	41	0.570706
57	42	0.495632
42	226	0.214021
63	43	0.383911
43	157	0.300879
221	43	0.421751
44	97	0.807765
108	44	0.791603
44	234	0.691293
108	45	0.392655
45	233	0.347479
62	46	0.406069
126	46	0.962222
47	54	0.38874
47	143	0.679081
48	193	0.826227
48	245	0.644611
49	125	0.793302
49	166	0.831144
235	49	0.300489
74	50	0.8646
50	102	0.590432
115	50	0.0111851
152	51	0.625098
205	51	0.337733
206	52	0.405952
52	221	0.575454
53	98	0.596852
53	181	0.736521
192	53	0.533532
66	54	0.678392
54	143	0.594151
56	55	0.719778
55	236	0.548824
139	56	0.793101
56	185	0.347152
226	57	0.363483
58	59	0.763664
72	58	0.186297
183	58	0.0468526
58	195	0.244003
59	72	0.370585
106	59	0.901133
195	59	0.348159
73	60	0.357003
60	154	0.420807
60	247	0.468032
171	61	0.825753
61	249	0.689047
62	239	0.376124
157	63	0.912621
64	76	0.362975
107	64	0.449538
64	111	0.127667
65	79	0.644881
162	65	0.490792
65	200	0.38113
66	88	0.890658
66	223	0.24116
67	199	0.442484
67	204	0.301099
207	67	0.431008
68	77	0.0883517
68	144	0.147125
69	136	0.767737
69	154	0.684216
69	182	0.635226
69	215	0.673671
70	109	0.0667287
70	118	0.292775
70	238	0.880346
71	167	0.795261
215	71	0.273612
230	71	0.147583
72	84	0.371641
72	195	0.0344034
202	73	0.28725
74	102	0.181322
115	74	0.158376
75	161	0.121485
171	75	0.731198
75	241	0.553775
107	76	0.441777
111	76	0.782825
239	76	0.41662
104	78	0.360444
78	163	0.59809
216	78	0.466057
79	200	0.28248
80	101	0.336171
80	103	0.400008
163	81	0.553541
81	216	0.417872
81	231	0.451807
242	81	0.669544
94	82	0.893721
82	173	0.0836561
82	246	0.589061
98	83	0.483267
138	83	0.249628
83	148	0.406854
189	84	0.290038
130	85	0.336513
213	85	0.0787511
86	124	0.377597
86	133	0.811588
220	86	0.385758
87	170	0.300771
199	87	0.441083
99	88	0.421573
223	88	0.333644
89	122	0.49783
131	89	0.093059
89	190	0.782406
132	90	0.534494
96	91	0.257287
91	112	0.217749
91	128	0.477853
91	208	0.286842
121	92	0.535603
161	92	0.339958
92	177	0.722974
93	175	0.814736
93	225	0.277829
105	94	0.450625
94	246	0.488471
127	95	0.344583
95	203	0.461307
96	112	0.369437
96	208	0.569954
214	96	0.476888
97	184	0.862349
234	97	0.465135
181	98	0.279329
99	147	0.767774
99	206	0.281604
121	100	0.311075
178	100	0.360496
248	100	0.347095
101	191	0.465237
102	115	0.324339
102	123	0.37346
176	103	0.0353218
103	191	0.638774
136	104	0.327796
216	104	0.714663
242	104	0.782578
105	173	0.80171
232	105	0.488964
106	197	0.835757
198	106	0.5448
239	107	0.541997
233	108	0.443638
109	118	0.662279
109	190	0.665749
109	238	0.349819
110	128	0.76106
197	110	0.776126
110	230	0.411935
239	111	0.729088
112	208	0.0262929
113	114	0.927774
113	244	0.409007
114	117	0.114726
156	114	0.447347
115	150	0.714165
116	137	0.734228
165	116	0.680006
116	174	0.945572
117	156	0.453987
117	187	0.340735
238	118	0.629038
119	120	0.116793
165	119	0.393306
143	120	0.756279
121	177	0.562862
142	122	0.0173654
190	122	0.550434
123	168	0.43398
179	123	0.538005
229	123	0.56334
212	124	0.89927
124	220	0.255693
125	201	0.540964
158	126	0.5215
126	210	0.26272
203	127	0.218788
127	233	0.178959
128	230	0.541326
174	129	0.385674
192	129	0.248447
224	129	0.0481923
172	130	0.605526
213	130	0.508288
137	131	0.560371
165	131	0.715303
133	212	0.663328
133	219	0.623886
134	160	0.649824
135	194	0.285716
135	236	0.610737
215	136	0.675651
240	136	0.0941864
165	137	0.626745
138	148	0.640596
139	144	0.154324
150	140	0.483896
243	140	0.298838
145	141	0.855866
162	141	0.316479
142	161	0.844236
241	142	0.859986
248	142	0.692271
228	144	0.125834
153	145	0.649401
222	145	0.795146
146	155	0.519167
146	180	0.621246
206	147	0.61501
147	213	0.502912
149	196	0.417183
243	150	0.429027
222	151	0.417273
152	205	0.428443
153	222	0.853909
153	227	0.289571
247	154	0.266705
155	158	0.808131
180	155	0.639578
157	202	0.411492
210	158	0.652399
188	159	0.250261
189	159	0.872599
159	217	0.252623
159	237	0.258654
160	193	0.383205
245	160	0.953872
161	241	0.291555
231	163	0.508347
186	164	0.510324
229	164	0.6079
166	169	0.889304
166	227	0.982071
235	166	0.969034
182	167	0.503349
168	179	0.659789
168	229	0.391257
215	169	0.33151
227	169	0.119544
170	199	0.0736934
171	249	0.634086
209	172	0.823758
192	174	0.587171
174	224	0.480325
225	175	0.693657
209	176	0.482101
194	177	0.742048
219	178	0.733747
178	248	0.0299244
179	229	0.52629
204	180	0.510242
244	183	0.609114
240	184	0.797717
214	185	0.47106
185	249	0.500385
186	211	0.870429
218	187	0.707295
217	188	0.207106
188	237	0.675181
191	209	0.459601
192	224	0.088364
196	241	0.595196
198	197	0.3
228	197	0.0430579
198	226	0.261974
228	198	0.350469
218	200	0.43996
201	211	0.321672
203	234	0.309207
204	207	0.496615
216	242	0.646551
237	217	0.00819248
219	220	0.391636
225	223	0.411753
242	231	0.217756
232	246	0.555702
