0	58	0.780071
77	0	0.241001
0	195	0.797406
0	247	0.700182
1	56	0.674549
180	1	0.758482
220	1	0.497197
1	244	0.4986
29	2	0.498717
2	120	0.748946
123	2	0.63849
3	21	0.350412
200	3	0.398147
3	206	0.656916
4	26	0.687959
4	46	0.126388
4	193	0.441912
4	231	0.305045
11	5	0.199801
5	140	0.972939
143	5	0.807294
208	5	0.673801
153	6	0.361769
6	161	0.284844
202	6	0.44716
46	7	0.316273
82	7	0.210055
187	7	0.312977
7	225	0.168364
67	8	0.35282
8	106	0.375724
8	190	0.736934
9	102	0.921488
144	9	0.776419
9	204	0.341393
10	91	0.523253
122	10	0.421292
10	137	0.209955
143	11	0.0645673
11	202	0.407622
11	208	0.432804
12	16	0.61009
19	12	0.828841
12	92	0.636335
165	13	0.525743
229	13	0.21715
13	236	0.398631
14	73	0.286231
159	14	0.909401
14	231	0.50206
15	53	0.0209171
96	15	0.0872332
126	15	0.816553
15	146	0.376044
16	19	0.647978
63	16	0.61653
24	17	0.957182
74	17	0.932492
111	17	0.610128
116	17	0.654723
48	18	0.568311
18	94	0.534158
18	136	0.643087
18	169	0.409587
63	19	0.488464
19	86	0.432424
43	20	0.657471
20	133	0.637038
20	191	0.678179
20	238	0.879614
21	86	0.874418
206	21	0.531331
47	22	0.463724
22	139	0.926023
22	163	0.23518
23	39	0.765257
199	23	0.376284
23	240	0.221039
24	111	0.624228
116	24	0.858737
24	133	0.364543
75	25	0.603107
166	25	0.201218
25	194	0.668379
25	222	0.643384
46	26	0.87599
149	26	0.654963
26	193	0.054755
164	27	0.399487
27	170	0.205798
27	198	0.307255
28	112	0.331849
28	213	0.0109375
28	241	0.856493
195	29	0.509637
29	196	0.725124
249	29	0.782944
30	128	0.911753
30	201	0.581981
30	209	0.776851
63	31	0.651155
150	31	0.628674
31	155	0.376946
31	184	0.666036
61	32	0.695233
32	145	0.386512
32	205	0.47818
246	32	0.105583
33	47	0.326186
117	33	0.791616
33	125	0.865939
77	34	0.487033
84	34	0.339521
170	34	0.243918
89	35	0.54025
110	35	0.221044
35	179	0.659021
59	36	0.61173
60	36	0.668302
36	71	0.389653
45	37	0.323647
212	37	0.388003
215	37	0.107757
37	224	0.820269
38	96	0.960344
38	126	0.392034
38	142	0.542198
242	38	0.286905
39	199	0.884827
207	39	0.475817
74	40	0.314386
127	40	0.43041
40	132	0.211052
151	40	0.0630905
53	41	0.244141
41	120	0.514786
174	41	0.423917
42	54	0.177865
163	42	0.0719036
42	175	0.107938
133	43	0.5578
43	159	0.246947
238	43	0.700167
44	65	0.0427757
79	44	0.878875
207	44	0.654561
45	158	0.693672
45	212	0.367238
45	215	0.629986
46	193	0.00754469
47	163	0.308101
48	118	0.466339
169	48	0.0474132
61	49	0.418338
49	145	0.700993
205	49	0.705324
246	49	0.500456
90	50	0.0498845
172	50	0.579058
50	186	0.576091
51	88	0.296954
51	158	0.349943
218	51	0.0123981
243	51	0.273994
52	104	0.258389
134	52	0.719904
52	181	0.2465
174	53	0.860271
54	175	0.351634
193	54	0.0987409
55	97	0.714249
166	55	0.855494
177	55	0.857394
55	219	0.0747151
56	113	0.699351
220	56	0.0966725
226	56	0.384614
97	57	0.291569
57	141	0.465812
57	177	0.76604
228	57	0.21488
58	77	0.936951
58	114	0.803495
227	58	0.188336
59	98	0.0969149
152	59	0.348408
60	71	0.0859275
60	98	0.16584
234	60	0.370553
61	145	0.845104
62	81	0.64421
62	115	0.886716
62	183	0.807563
62	237	0.0589446
106	63	0.363249
64	76	0.382647
64	139	0.512795
64	167	0.466222
65	113	0.570722
65	158	0.949411
65	218	0.564039
66	72	0.661067
66	160	0.559111
66	196	0.882222
67	234	0.977778
239	67	0.555496
108	68	0.115462
68	169	0.718939
68	183	0.747305
78	69	0.625755
69	149	0.173454
189	69	0.506775
70	201	0.590424
209	70	0.194859
70	216	0.265543
98	71	0.863731
152	71	0.336147
152	72	0.159309
160	72	0.656313
73	159	0.995541
160	73	0.885968
73	231	0.470016
74	85	0.607397
74	127	0.427715
157	75	0.676305
75	223	0.484705
75	230	0.426454
139	76	0.765136
145	76	0.167113
76	167	0.416466
77	114	0.33683
107	78	0.34402
149	78	0.518511
78	189	0.670017
125	79	0.416669
207	79	0.514738
107	80	0.718744
80	130	0.434626
80	221	0.940183
115	81	0.748585
81	237	0.610542
187	82	0.616502
225	82	0.400062
85	83	0.636089
83	122	0.31685
224	83	0.325551
84	170	0.401859
197	84	0.313245
137	85	0.472129
85	224	0.44401
86	148	0.660457
86	178	0.193225
153	87	0.676452
181	87	0.609732
87	200	0.323523
88	105	0.487992
88	113	0.299843
218	88	0.19399
89	110	0.390098
131	89	0.968008
89	179	0.909137
90	171	0.0817681
90	172	0.554588
92	91	0.462969
91	140	0.163964
140	92	0.56295
135	93	0.700951
93	162	0.516831
93	219	0.873629
118	94	0.879867
136	94	0.790478
182	95	0.729647
95	228	0.292167
95	235	0.342276
96	142	0.380701
146	96	0.701986
97	156	0.31752
152	98	0.348479
122	99	0.196446
137	99	0.634601
99	224	0.486036
124	100	0.475264
100	204	0.975786
232	100	0.703712
122	101	0.23924
128	101	0.198958
101	154	0.118776
102	138	0.889332
102	144	0.578049
103	104	0.653999
203	103	0.455096
103	222	0.514646
181	104	0.670179
105	113	0.693941
105	117	0.828481
105	158	0.854322
106	190	0.0495446
130	107	0.707353
107	221	0.553739
108	183	0.316913
244	108	0.747348
109	175	0.712625
109	182	0.152454
109	248	0.932386
138	110	0.442248
110	179	0.00103222
116	111	0.367445
119	112	0.164248
112	151	0.562551
241	112	0.0439567
185	114	0.77728
114	227	0.732744
199	115	0.240822
237	115	0.843956
125	117	0.796441
118	136	0.488256
118	210	0.10656
131	119	0.727482
119	203	0.503152
213	119	0.554927
120	123	0.932092
121	168	0.110875
171	121	0.142396
247	121	0.497035
135	123	0.632036
204	124	0.616478
232	124	0.75264
245	124	0.359243
142	126	0.443625
126	146	0.6425
127	173	0.620844
128	154	0.865703
129	180	0.444712
129	210	0.955326
248	129	0.393365
221	130	0.228764
241	131	0.768706
132	148	0.283228
132	178	0.905306
238	133	0.39111
147	134	0.597882
245	134	0.293274
162	135	0.928499
136	169	0.348873
144	138	0.127327
167	139	0.74422
156	141	0.502043
219	141	0.292434
208	143	0.329078
147	177	0.0995654
147	245	0.687841
168	148	0.738528
148	178	0.500188
149	189	0.656579
155	150	0.649033
184	150	0.573706
150	239	0.721746
151	216	0.478994
151	233	0.777273
200	153	0.419886
154	194	0.712527
184	155	0.260146
156	177	0.315617
219	156	0.47478
223	157	0.869106
230	157	0.351528
159	231	0.406198
161	172	0.0746584
161	202	0.37457
179	162	0.792202
164	188	0.937672
198	164	0.520752
217	165	0.642658
229	165	0.14251
165	240	0.325288
166	194	0.482656
230	166	0.548354
171	168	0.368261
173	216	0.796124
173	225	0.605683
233	173	0.858873
214	174	0.661004
176	192	0.467185
176	227	0.606679
243	176	0.476345
210	180	0.317057
182	248	0.642213
227	185	0.223676
247	185	0.73649
191	186	0.231266
197	186	0.132786
187	225	0.345504
188	198	0.60508
206	188	0.144104
192	190	0.929162
197	191	0.30809
243	192	0.814332
194	223	0.860298
195	226	0.516986
249	195	0.73435
249	196	0.306994
201	209	0.695152
203	222	0.657427
204	232	0.404647
205	246	0.832639
211	209	0.589667
214	211	0.876565
211	242	0.780309
215	212	0.744198
241	213	0.334949
214	242	0.10481
215	235	0.522206
216	233	0.363814
217	229	0.483605
236	217	0.650712
217	240	0.816356
226	220	0.361971
244	220	0.661155
226	244	0.611721
235	228	0.8014
236	229	0.863945
239	234	0.335747
