0	10	0.68574
181	0	0.511962
0	211	0.438989
1	38	0.409093
1	78	0.219821
96	1	0.428381
149	1	0.587371
2	23	0.104995
81	2	0.734403
2	82	0.471078
219	2	0.802471
3	109	0.173424
214	3	0.473533
3	220	0.757939
3	233	0.165334
4	24	0.665411
4	185	0.590737
4	224	0.351839
15	5	0.857407
5	195	0.300394
234	5	0.322926
65	6	0.518216
101	6	0.148343
6	119	0.252336
57	7	0.569193
183	7	0.089204
235	7	0.490766
14	8	0.729665
8	188	0.677696
202	8	0.649046
9	49	0.629449
9	70	0.315846
9	114	0.513842
160	9	0.665506
10	27	0.474068
10	211	0.721997
15	11	0.975538
11	29	0.935977
107	11	0.801227
11	171	0.370657
12	16	0.48465
12	93	0.910012
108	12	0.305503
12	140	0.315576
71	13	0.630933
72	13	0.589296
13	226	0.100361
14	116	0.467326
155	14	0.604505
14	216	0.508344
15	29	0.938747
107	15	0.609475
85	16	0.346813
16	93	0.457205
16	241	0.366466
25	17	0.189572
35	17	0.468553
158	17	0.655283
215	17	0.355156
177	18	0.0923649
186	18	0.48291
18	246	0.264683
19	32	0.380839
19	83	0.486032
98	19	0.485915
19	213	0.471111
124	20	0.297379
20	147	0.32492
20	165	0.280488
20	190	0.240741
21	94	0.649181
112	21	0.283195
134	21	0.723307
22	175	0.696026
22	184	0.515329
22	217	0.636648
192	23	0.270638
23	222	0.859954
24	91	0.273733
224	24	0.188485
25	35	0.602726
158	25	0.294626
113	26	0.484467
26	138	0.553532
26	170	0.498298
177	26	0.471648
33	27	0.740978
27	167	0.420689
68	28	0.452346
28	197	0.109548
28	213	0.336143
29	107	0.0341501
29	127	0.496071
30	110	0.466519
181	30	0.621456
30	236	0.81971
45	31	0.389955
31	54	0.707921
31	208	0.765819
32	98	0.130044
125	32	0.498706
213	32	0.61336
33	46	0.484539
33	167	0.944561
40	34	0.541876
34	91	0.358649
34	230	0.334626
158	35	0.433625
35	215	0.183925
130	36	0.233019
36	158	0.333311
242	36	0.841585
245	36	0.694867
84	37	0.312417
106	37	0.378337
110	37	0.998932
37	225	0.20759
79	38	0.41638
133	38	0.243987
38	159	0.477264
80	39	0.638355
124	39	0.675485
231	39	0.537463
40	91	0.301222
40	234	0.0906142
41	78	0.666547
41	111	0.7363
164	41	0.778086
42	60	0.243469
130	42	0.838728
227	42	0.494893
53	43	0.554057
43	144	0.544207
205	43	0.235886
137	44	0.633784
44	194	0.543115
244	44	0.294593
45	191	0.395602
195	45	0.734789
45	196	0.799484
121	46	0.530489
46	123	0.533376
89	47	0.771847
47	168	0.611909
185	47	0.541381
189	47	0.387371
48	99	0.738072
48	122	0.447629
48	135	0.515589
49	95	0.843939
49	160	0.939544
49	238	0.489171
73	50	0.751172
206	50	0.706305
50	223	0.501931
104	51	0.460843
126	51	0.964578
218	51	0.363497
88	52	0.735755
52	118	0.398773
52	134	0.57842
52	145	0.435922
65	53	0.380332
144	53	0.426501
54	208	0.91019
219	54	0.62372
55	57	0.417988
63	55	0.869922
55	196	0.332445
247	55	0.403286
56	81	0.135296
92	56	0.376543
95	56	0.336458
56	210	0.486059
57	63	0.127024
247	57	0.910537
120	58	0.440339
128	58	0.588786
58	136	0.505305
58	154	0.456252
69	59	0.573666
59	138	0.751953
59	201	0.544647
211	60	0.267711
60	227	0.561781
87	61	0.285688
61	180	0.648106
61	246	0.365544
74	62	0.754563
62	153	0.773017
62	221	0.58182
63	109	0.96587
63	191	0.700236
64	169	0.503895
174	64	0.724018
64	249	0.652888
65	101	0.371827
66	68	0.709271
66	83	0.407179
66	243	0.248996
67	162	0.671637
67	199	0.586885
67	232	0.75205
68	197	0.341914
69	106	0.577765
201	69	0.402405
102	70	0.183818
70	114	0.133053
70	167	0.473396
72	71	0.695286
71	226	0.907085
227	71	0.775822
72	151	0.892224
226	72	0.714252
73	206	0.442254
226	73	0.550964
153	74	0.627082
221	74	0.244632
189	75	0.350837
75	194	0.134439
244	75	0.412804
76	132	0.815567
76	164	0.651879
76	203	0.147362
205	77	0.241852
77	221	0.239772
77	223	0.108501
96	78	0.984056
149	78	0.579559
79	133	0.445194
79	159	0.794165
97	80	0.869144
182	80	0.108618
80	207	0.469826
82	81	0.489201
219	81	0.758706
219	82	0.907715
83	243	0.0576271
84	146	0.358964
178	84	0.760641
84	212	0.233792
108	85	0.0405457
241	85	0.696215
139	86	0.474597
86	141	0.580048
143	86	0.645971
86	237	0.153789
137	87	0.0834016
139	87	0.381897
87	180	0.327721
88	113	0.601038
88	118	0.739614
145	88	0.471948
142	89	0.656779
89	185	0.816192
89	189	0.0576287
90	131	0.393226
172	90	0.371131
90	239	0.512878
95	92	0.73957
92	210	0.455658
92	241	0.817094
93	108	0.389755
140	93	0.593436
94	134	0.751991
193	94	0.256795
228	94	0.880103
95	210	0.493401
96	149	0.58566
182	97	0.914347
207	97	0.823714
213	98	0.64963
99	122	0.443143
99	135	0.526839
100	127	0.0850334
152	100	0.0876156
100	166	0.533724
170	101	0.622002
114	102	0.625865
238	102	0.708217
103	111	0.30036
170	103	0.333208
103	177	0.495013
126	104	0.159118
218	104	0.291606
115	105	0.478925
105	129	0.217384
105	188	0.69043
105	198	0.621515
106	146	0.21136
132	107	0.799072
108	147	0.808661
220	109	0.688863
109	233	0.535787
110	236	0.410122
111	164	0.327997
112	134	0.565556
193	112	0.00508674
112	228	0.769651
113	138	0.0855399
177	113	0.673873
114	160	0.717509
115	129	0.466844
115	198	0.0138437
155	116	0.289734
116	216	0.427142
143	117	0.404095
157	117	0.349726
117	179	0.735421
145	118	0.709528
148	118	0.743936
119	150	0.402012
156	119	0.137906
128	120	0.961041
136	120	0.165232
121	123	0.6607
121	231	0.909602
135	122	0.631323
123	163	0.47528
231	124	0.879747
125	168	0.395909
125	171	0.403942
218	126	0.148027
152	127	0.249006
166	127	0.44507
136	128	0.646342
198	129	0.620873
242	130	0.259269
245	130	0.54462
131	163	0.871146
131	172	0.200166
131	239	0.472732
132	203	0.928937
133	159	0.581446
236	133	0.19839
208	135	0.492661
186	136	0.445303
137	180	0.923301
138	170	0.700221
141	139	0.571675
237	139	0.617197
241	140	0.314421
237	141	0.550235
142	154	0.663869
179	142	0.44799
157	143	0.619918
200	144	0.557957
184	145	0.811219
178	146	0.544462
146	212	0.433832
147	165	0.58173
190	147	0.219824
148	173	0.282481
148	240	0.438164
156	150	0.637063
199	150	0.255702
151	187	0.282354
151	200	0.868193
151	248	0.59655
155	152	0.23942
152	166	0.754919
221	153	0.30546
154	179	0.557167
216	155	0.19779
178	156	0.969628
222	157	0.630725
160	238	0.388998
161	176	0.863677
161	204	0.70852
209	161	0.762122
161	225	0.743312
199	162	0.0575331
232	162	0.897108
174	163	0.670799
163	249	0.744169
165	190	0.580536
171	168	0.131164
229	169	0.895574
169	230	0.165133
172	215	0.54929
239	172	0.774615
174	173	0.159575
173	240	0.254876
174	249	0.472635
184	175	0.529611
217	175	0.712078
176	203	0.422301
204	176	0.641793
209	176	0.854354
225	178	0.895104
211	181	0.561883
182	207	0.496512
183	206	0.307859
235	183	0.728062
217	184	0.654122
248	185	0.0873502
246	186	0.798885
187	200	0.440117
187	243	0.468974
248	187	0.462789
202	188	0.499112
190	202	0.453568
191	196	0.45219
191	247	0.250956
192	216	0.2833
222	192	0.645319
228	193	0.219679
194	197	0.538013
244	194	0.65031
234	195	0.299785
196	228	0.317509
199	232	0.937717
200	248	0.421151
201	240	0.288016
209	204	0.667576
205	223	0.659745
235	207	0.838441
238	210	0.425109
212	225	0.15675
220	214	0.500271
233	214	0.504162
232	218	0.427704
220	233	0.201801
229	224	0.803695
230	229	0.275414
242	245	0.392501
