0	41	0.454471
125	0	0.474043
0	216	0.444427
1	36	0.705849
1	57	0.50651
164	1	0.696469
9	2	0.649343
2	138	0.328311
237	2	0.349281
3	68	0.222817
75	3	0.313539
3	114	0.554727
13	4	0.539165
4	52	0.584123
4	238	0.468132
5	133	0.445151
5	174	0.484247
5	198	0.85948
40	6	0.341538
6	85	0.640432
234	6	0.322594
37	7	0.409366
106	7	0.146132
7	156	0.219638
22	8	0.491753
62	8	0.346349
227	8	0.359279
138	9	0.913854
9	237	0.640962
43	10	0.720774
10	50	0.217471
10	149	0.673096
10	228	0.532372
58	11	0.684615
11	170	0.557413
11	235	0.402128
169	12	0.63748
12	175	0.761043
225	12	0.710902
12	232	0.780814
13	52	0.439452
13	238	0.782128
17	14	0.0206538
14	61	0.491402
91	14	0.602896
184	14	0.903653
15	40	0.683925
15	105	0.97906
138	15	0.250022
16	42	0.797973
16	66	0.649955
127	16	0.255454
240	16	0.358824
17	86	0.740887
17	91	0.558471
92	17	0.313506
59	18	0.189402
70	18	0.569827
77	18	0.652583
49	19	0.651969
139	19	0.334849
19	151	0.68459
20	23	0.577715
20	98	0.45093
118	20	0.33649
20	241	0.296988
86	21	0.925097
21	207	0.310082
21	236	0.476823
22	62	0.494732
22	227	0.24159
83	23	0.948349
98	23	0.728124
24	25	0.54604
24	166	0.579686
24	248	0.464952
166	25	0.525571
25	222	0.447071
26	76	0.204874
83	26	0.499864
26	158	0.88718
69	27	0.79065
177	27	0.290789
27	195	0.620819
28	100	0.496635
170	28	0.390014
231	28	0.411983
29	56	0.645873
145	29	0.472218
29	221	0.253946
30	54	0.744113
30	127	0.872786
30	136	0.885219
31	64	0.321172
78	31	0.280431
31	130	0.461984
220	31	0.765069
32	60	0.206884
32	63	0.971976
32	157	0.435316
223	32	0.525382
122	33	0.280566
33	134	0.410702
33	143	0.526014
112	34	0.270257
34	178	0.0617465
34	208	0.490508
148	35	0.45939
35	203	0.161551
217	35	0.868612
36	57	0.247378
82	36	0.681928
106	37	0.961893
156	37	0.689233
135	38	0.359859
180	38	0.314167
38	231	0.88552
243	38	0.656823
152	39	0.499642
39	175	0.908421
218	39	0.577429
105	40	0.315741
125	41	0.654557
41	216	0.735768
42	140	0.501716
42	162	0.663954
43	50	0.342438
94	43	0.692936
43	149	0.342748
154	44	0.107248
155	44	0.0135283
169	44	0.212456
45	69	0.596666
142	45	0.358009
205	45	0.979884
45	213	0.761304
160	46	0.372555
46	183	0.221901
244	46	0.353039
46	249	0.289507
67	47	0.0143207
47	90	0.307265
168	47	0.120429
48	140	0.39754
146	48	0.240833
223	48	0.580036
49	153	0.375293
49	214	0.491452
50	219	0.551039
50	228	0.481226
51	77	0.0893068
51	81	0.68325
177	51	0.52967
238	52	0.792598
53	121	0.149738
147	53	0.113043
222	53	0.478632
132	54	0.848575
196	54	0.612948
55	108	0.271751
55	206	0.191322
55	210	0.883213
211	55	0.399163
183	56	0.319692
56	221	0.582522
126	57	0.779154
58	199	0.656209
235	58	0.9141
59	72	0.508759
77	59	0.398015
59	159	0.952618
63	60	0.0111701
157	60	0.0980379
60	211	0.593974
61	115	0.448582
163	61	0.530502
124	62	0.316769
227	62	0.370229
63	131	0.549425
63	157	0.184202
130	64	0.999568
64	220	0.655933
65	70	0.618415
191	65	0.227598
65	209	0.00786555
230	65	0.192953
66	149	0.495664
66	240	0.439998
243	66	0.482048
67	90	0.527745
67	168	0.676931
68	75	0.221991
68	247	0.337293
69	142	0.409711
213	69	0.152012
70	84	0.212469
70	189	0.98979
71	95	0.0559173
71	125	0.572388
71	224	0.592782
72	87	0.554273
72	128	0.0492739
72	185	0.327228
73	200	0.352252
73	205	0.525405
229	73	0.544272
89	74	0.432814
74	103	0.610373
74	104	0.607624
204	74	0.70843
75	83	0.30075
83	76	0.170911
76	158	0.823932
159	77	0.488171
78	117	0.0601949
120	78	0.61419
135	79	0.2659
150	79	0.376615
161	79	0.654139
80	97	0.218361
126	80	0.524506
80	226	0.250721
81	93	0.468268
81	159	0.469346
132	82	0.480871
82	136	0.487337
82	196	0.815427
137	84	0.444641
181	84	0.554786
84	246	0.340634
85	90	0.672847
234	85	0.79841
207	86	0.56093
86	236	0.577276
119	87	0.807245
128	87	0.640859
185	87	0.0201831
88	93	0.290246
88	102	0.144692
167	88	0.361824
89	103	0.882654
204	89	0.288309
232	89	0.540347
168	90	0.0759953
91	92	0.546761
133	91	0.58113
92	144	0.903326
102	93	0.850488
109	94	0.208534
94	144	0.779121
95	122	0.632522
95	224	0.265369
153	96	0.16648
179	96	0.450491
96	187	0.408306
96	233	0.332735
97	186	0.33507
239	97	0.17397
98	118	0.61794
241	98	0.628846
99	111	0.509234
99	123	0.810116
99	141	0.705304
116	100	0.181325
100	170	0.539296
190	100	0.680881
124	101	0.727043
101	147	0.824163
101	190	0.636297
209	102	0.12539
204	103	0.455831
119	104	0.548471
104	212	0.198497
105	143	0.425808
106	156	0.20374
194	107	0.668703
107	210	0.0584687
248	107	0.0189682
218	108	0.914849
247	108	0.00155933
109	144	0.938518
172	109	0.799
110	141	0.0763438
188	110	0.66864
235	110	0.807301
123	111	0.608159
111	141	0.432134
111	188	0.393721
112	186	0.815989
112	208	0.478707
114	113	0.688346
113	158	0.59851
202	113	0.34995
113	215	0.545358
114	202	0.988757
114	215	0.298311
115	163	0.122556
182	115	0.504186
116	164	0.276057
116	165	0.813518
120	117	0.278856
117	187	0.4357
118	241	0.645336
119	212	0.990932
137	120	0.210417
121	147	0.722469
172	121	0.479219
134	122	0.521277
122	143	0.30443
151	123	0.358326
188	123	0.284723
124	190	0.298152
216	125	0.519157
226	126	0.273097
132	127	0.479936
127	196	0.056571
128	185	0.600209
173	129	0.324103
129	193	0.741651
239	129	0.816513
130	220	0.336534
131	242	0.14337
245	131	0.408936
136	132	0.45956
174	133	0.130089
198	133	0.676106
143	134	0.554876
161	135	0.159601
196	136	0.875441
137	181	0.530368
137	246	0.512842
138	237	0.415478
139	151	0.631797
139	198	0.559469
162	140	0.855806
204	141	0.77205
213	142	0.418979
142	216	0.559111
145	153	0.84314
179	145	0.0960093
187	145	0.0962913
220	146	0.758817
223	146	0.544403
147	192	0.40616
203	148	0.622891
217	148	0.204185
224	148	0.981852
219	149	0.220544
184	150	0.597228
150	199	0.513843
152	171	0.839384
175	152	0.34023
152	225	0.372474
154	169	0.350139
179	154	0.431468
180	155	0.462879
155	243	0.697116
159	214	0.372374
160	244	0.750496
249	160	0.421936
161	195	0.259527
240	162	0.456893
163	166	0.332612
165	164	0.0740332
245	165	0.673381
182	167	0.714494
167	201	0.671399
168	189	0.471236
170	231	0.904911
175	171	0.333208
171	232	0.476239
192	172	0.0870754
222	172	0.769535
188	173	0.21384
173	193	0.203209
174	198	0.77709
219	176	0.713601
228	176	0.266482
176	240	0.631485
177	195	0.534934
197	178	0.316424
233	178	0.808622
179	214	0.764641
180	242	0.697964
243	180	0.356104
201	181	0.662262
181	246	0.605197
201	182	0.356303
194	183	0.684236
248	183	0.449765
199	184	0.349035
186	239	0.456608
187	214	0.318104
209	189	0.697912
230	189	0.68142
209	191	0.74276
230	191	0.393934
192	226	0.591189
193	213	0.797612
248	194	0.1543
212	197	0.339022
197	233	0.478208
200	205	0.623024
200	221	0.142679
200	229	0.363859
215	202	0.521122
217	203	0.327381
205	229	0.374984
210	206	0.234097
211	206	0.454436
206	237	0.214225
207	236	0.597457
208	234	0.413782
210	211	0.331451
247	218	0.533574
219	228	0.408042
232	225	0.626285
241	230	0.807529
242	245	0.355922
249	244	0.506249
