0	121	0.393856
141	0	0.946576
0	186	0.236821
0	219	0.405034
1	61	0.1126
173	1	0.725918
177	1	0.726925
1	185	0.962042
10	2	0.60964
2	30	0.454057
234	2	0.180933
3	130	0.529607
187	3	0.932344
3	205	0.220074
4	14	0.593749
4	57	0.902471
4	164	0.962002
5	67	0.511594
111	5	0.366526
5	115	0.753129
47	6	0.60179
53	6	0.00308434
176	6	0.1378
7	67	0.523423
111	7	0.698667
201	7	0.773548
35	8	0.520825
43	8	0.460567
8	107	0.605062
242	8	0.18188
9	31	0.516855
9	98	0.927347
9	104	0.535461
30	10	0.0331861
10	234	0.570101
11	14	0.86794
146	11	0.216515
11	163	0.655585
239	11	0.802498
12	28	0.761301
12	138	0.244242
12	197	0.684862
60	13	0.67523
13	166	0.0700243
188	13	0.259119
102	14	0.522782
14	146	0.562269
15	99	0.744947
174	15	0.73928
15	182	0.850047
16	83	0.439168
176	16	0.688721
178	16	0.0251398
17	18	0.169905
17	140	0.873826
207	17	0.345179
140	18	0.2715
207	18	0.647321
85	19	0.310044
168	19	0.640449
220	19	0.30538
20	68	0.715984
20	110	0.312447
20	179	0.602685
51	21	0.922018
21	180	0.401457
198	21	0.0918009
22	112	0.308849
22	117	0.141956
22	152	0.104777
22	218	0.877245
34	23	0.282326
56	23	0.669566
23	201	0.804049
24	84	0.0616038
24	89	0.188881
118	24	0.690205
24	204	0.809377
25	27	0.47824
123	25	0.987603
25	129	0.441564
158	25	0.279597
102	26	0.718701
26	144	0.703764
26	193	0.651153
76	27	0.821623
77	27	0.0643944
27	119	0.687875
37	28	0.265508
28	197	0.39111
29	65	0.854706
29	69	0.689333
29	103	0.654421
29	147	0.0808887
68	30	0.51633
30	234	0.15396
33	31	0.35589
31	104	0.595635
31	204	0.686783
32	56	0.0953319
135	32	0.304361
216	32	0.565882
33	104	0.619248
33	151	0.522752
154	33	0.474747
34	79	0.935649
34	201	0.331565
43	35	0.443668
35	144	0.365094
223	35	0.735077
36	88	0.509346
148	36	0.357686
212	36	0.549691
124	37	0.964799
128	37	0.816503
41	38	0.813861
38	90	0.421034
102	38	0.667788
247	38	0.81901
39	87	0.330208
136	39	0.44931
180	39	0.688077
87	40	0.449842
40	89	0.279973
40	122	0.480277
41	90	0.578356
41	93	0.672359
247	41	0.813764
42	192	0.256842
215	42	0.18689
221	42	0.677808
222	42	0.89036
43	92	0.281705
131	43	0.576775
127	44	0.668523
44	153	0.0448505
206	44	0.765455
44	221	0.419528
160	45	0.533344
45	200	0.288042
213	45	0.459709
46	49	0.697848
58	46	0.388207
46	73	0.9417
136	46	0.822459
53	47	0.170505
47	88	0.723731
48	55	0.461709
48	93	0.745579
48	139	0.884411
48	243	0.0926332
49	97	0.773937
136	49	0.337158
183	49	0.533322
50	196	0.109685
202	50	0.555984
236	50	0.197461
160	51	0.670565
198	51	0.0847164
52	108	0.655909
52	120	0.276942
52	231	0.653574
116	53	0.322902
70	54	0.83661
54	94	0.396843
95	54	0.488215
55	93	0.421673
139	55	0.648529
56	135	0.348162
135	57	0.0680286
57	164	0.294374
73	58	0.6995
97	58	0.645922
58	116	0.539214
59	63	0.589317
66	59	0.831652
96	59	0.0818272
188	60	0.733128
60	246	0.698917
61	156	0.709329
238	61	0.663169
62	86	0.371381
62	126	0.412513
130	62	0.601939
62	229	0.18646
66	63	0.138968
63	247	0.810872
64	67	0.00823188
185	64	0.0971238
64	228	0.198006
65	103	0.732268
65	134	0.545533
65	175	0.540777
66	199	0.348212
111	67	0.728049
68	110	0.255098
68	179	0.786361
69	134	0.647242
69	175	0.58622
70	94	0.502652
70	224	0.505176
71	113	0.386163
71	157	0.798528
71	195	0.690676
71	229	0.635556
102	72	0.412488
146	72	0.572133
72	249	0.120391
73	97	0.892854
80	74	0.386154
74	191	0.859936
203	74	0.202967
75	132	0.300835
150	75	0.561478
75	194	0.26452
77	76	0.50984
119	76	0.580864
119	77	0.35158
163	77	0.38383
78	95	0.496281
107	78	0.812131
78	151	0.777771
79	101	0.631489
79	153	0.526261
183	79	0.66762
80	191	0.360243
80	203	0.0723855
106	81	0.690958
167	81	0.39352
81	172	0.383728
82	155	0.893084
184	82	0.64551
241	82	0.60219
83	176	0.505846
207	83	0.747994
118	84	0.553006
204	84	0.767796
85	168	0.71032
85	220	0.28191
167	86	0.220863
86	172	0.306083
245	86	0.675113
180	87	0.521414
212	88	0.0211791
89	122	0.73462
247	90	0.670898
91	92	0.295095
232	91	0.923699
240	91	0.674628
92	223	0.643423
92	242	0.633129
93	139	0.638307
111	94	0.840472
107	95	0.701425
96	142	0.563155
96	189	0.286906
97	136	0.267489
170	98	0.403277
98	208	0.250454
162	99	0.518556
99	237	0.655221
100	149	0.322268
100	178	0.31587
224	100	0.447613
101	155	0.350581
206	101	0.529666
221	101	0.640706
103	175	0.365569
104	248	0.547368
137	105	0.483801
159	105	0.637094
162	105	0.669586
106	167	0.256244
106	202	0.85643
106	245	0.413755
120	108	0.073876
108	127	0.366636
114	109	0.716128
115	109	0.664255
246	109	0.737433
110	169	0.576416
186	110	0.693096
112	117	0.420706
218	112	0.472811
242	112	0.819671
225	113	0.778414
113	229	0.274948
114	192	0.784275
114	215	0.605951
114	239	0.580894
246	115	0.917273
116	120	0.401714
230	116	0.596722
117	218	0.212951
118	159	0.698111
121	141	0.729403
121	219	0.784547
177	122	0.067438
123	158	0.415384
123	181	0.876535
128	124	0.59407
124	197	0.783715
125	209	0.648478
125	227	0.258175
235	125	0.475606
126	130	0.912706
211	126	0.502337
230	127	0.509885
127	231	0.510221
138	128	0.849528
233	128	0.374935
129	172	0.763477
198	129	0.523149
211	130	0.495661
223	131	0.542673
131	240	0.615096
131	242	0.1118
150	132	0.537812
132	194	0.33981
143	133	0.60506
133	166	0.694915
133	211	0.390263
143	134	0.421348
175	134	0.588628
142	137	0.467404
159	137	0.65448
197	138	0.520416
207	140	0.547503
151	141	0.73246
142	189	0.908203
143	166	0.339557
144	193	0.452997
145	147	0.767246
145	230	0.0358186
244	145	0.12865
249	146	0.514115
244	147	0.806652
148	210	0.103589
148	226	0.0519431
233	149	0.810398
243	149	0.170374
194	150	0.675255
219	151	0.516813
152	181	0.330855
241	152	0.62275
183	153	0.357581
221	153	0.852986
208	154	0.735036
248	154	0.219322
155	184	0.514636
156	165	0.84587
238	156	0.133244
157	188	0.326617
157	210	0.782447
226	157	0.921075
189	158	0.58142
158	205	0.383322
160	200	0.354226
160	213	0.827165
171	161	0.336497
161	195	0.497114
225	161	0.325792
161	244	0.530199
237	162	0.73525
249	163	0.540392
232	164	0.570553
165	199	0.482074
165	214	0.213228
165	216	0.398025
245	167	0.998794
168	220	0.139025
186	169	0.422086
190	169	0.915819
238	169	0.75804
170	208	0.736298
170	234	0.735869
195	171	0.973062
225	171	0.239389
172	245	0.576298
173	177	0.491692
228	173	0.122677
182	174	0.687664
174	213	0.694667
177	228	0.586838
224	178	0.66582
190	179	0.694155
181	241	0.804747
196	182	0.858511
206	183	0.235805
226	184	0.0463224
228	185	0.23492
186	190	0.644164
187	205	0.775018
215	187	0.20903
195	190	0.648077
203	191	0.366214
227	191	0.679247
192	217	0.450319
192	237	0.496054
212	193	0.198487
202	196	0.406572
196	236	0.441954
199	214	0.615778
199	216	0.505981
200	213	0.650349
236	202	0.708035
227	209	0.850422
209	235	0.812599
226	210	0.0420392
216	214	0.506248
215	217	0.612943
217	222	0.216989
220	248	0.219336
222	239	0.123097
235	227	0.182978
230	231	0.808474
240	232	0.995869
243	233	0.654161
