0	10	0.985459
112	0	0.953679
0	179	0.521408
1	50	0.324051
1	147	0.753913
213	1	0.530919
76	2	0.518402
2	81	0.914264
134	2	0.629803
3	41	0.226192
49	3	0.315047
3	122	0.314902
170	3	0.499343
4	15	0.785824
4	54	0.647828
4	192	0.576641
5	35	0.79683
5	77	0.244852
183	5	0.524451
6	27	0.632614
64	6	0.795947
161	6	0.705931
222	6	0.678892
7	25	0.349934
84	7	0.126943
115	7	0.970835
140	7	0.754038
59	8	0.321034
8	97	0.407337
117	8	0.65039
8	131	0.261482
9	13	0.317791
9	26	0.49148
60	9	0.260196
10	23	0.00330728
10	112	0.99902
198	10	0.286896
11	47	0.209221
53	11	0.655035
11	235	0.255974
12	147	0.845277
12	198	0.230592
245	12	0.937147
13	60	0.487502
108	13	0.0160146
35	14	0.70427
14	62	0.552603
14	126	0.617661
54	15	0.332897
15	192	0.434669
16	69	0.234173
138	16	0.131916
158	16	0.255795
17	37	0.286972
17	187	0.676886
224	17	0.511061
110	18	0.243726
202	18	0.149398
226	18	0.0697679
181	19	0.312456
225	19	0.356279
19	244	0.455315
20	42	0.883302
20	107	0.504122
131	20	0.756773
20	207	0.424203
32	21	0.0573081
21	59	0.235922
21	113	0.950881
21	116	0.188548
22	52	0.495999
57	22	0.782374
158	22	0.259369
22	200	0.529131
23	112	0.592553
23	124	0.673127
86	24	0.977213
24	137	0.561881
24	176	0.748301
115	25	0.746379
25	140	0.24051
58	26	0.81315
155	26	0.145354
27	64	0.6844
27	161	0.0522765
222	27	0.236921
78	28	0.45776
28	137	0.145124
165	28	0.731621
28	195	0.103776
29	61	0.509687
29	92	0.418145
29	182	0.0782196
29	229	0.551321
139	30	0.430029
30	180	0.571256
188	30	0.529095
31	171	0.581564
31	199	0.985573
31	237	0.552342
51	32	0.303273
85	32	0.400362
33	42	0.78104
33	127	0.486042
169	33	0.528957
34	109	0.389685
34	149	0.534607
227	34	0.448024
35	62	0.500166
41	36	0.615781
36	93	0.268038
118	36	0.528267
44	37	0.572637
224	37	0.533484
166	38	0.8534
217	38	0.603267
38	244	0.0793698
144	39	0.484058
154	39	0.29904
39	201	0.470999
249	39	0.290981
126	40	0.248505
144	40	0.06992
40	175	0.305102
41	93	0.586269
41	118	0.632371
42	102	0.719358
163	43	0.88908
43	166	0.198201
194	43	0.605274
56	44	0.811687
119	44	0.372794
44	202	0.170421
65	45	0.476318
75	45	0.508238
45	111	0.380028
219	45	0.775165
46	89	0.384949
96	46	0.468815
46	129	0.334891
53	47	0.406356
47	191	0.839419
101	48	0.660312
48	187	0.20987
221	48	0.433551
122	49	0.421699
49	170	0.766954
49	209	0.746784
50	147	0.382306
50	213	0.450319
51	85	0.109401
51	125	0.597642
57	52	0.28167
200	52	0.788075
53	188	0.247619
57	54	0.458095
192	54	0.611867
184	55	0.388132
193	55	0.54268
55	196	0.519573
56	119	0.346453
56	214	0.405918
233	56	0.491285
200	57	0.131906
58	90	0.313305
155	58	0.383187
59	113	0.446046
116	59	0.630249
60	67	0.424609
92	61	0.882591
61	229	0.611308
156	62	0.209528
77	63	0.348814
63	84	0.0543087
63	209	0.120047
161	64	0.0386752
222	64	0.213301
156	65	0.290971
65	175	0.0817005
65	178	0.151369
128	66	0.308388
66	145	0.5439
66	223	0.339158
102	67	0.553461
67	236	0.185493
74	68	0.731037
68	159	0.538029
68	228	0.15161
248	68	0.666149
69	160	0.846089
69	184	0.749468
69	190	0.900477
70	83	0.486689
70	152	0.109921
157	70	0.256323
70	203	0.405165
71	146	0.386051
71	154	0.456696
71	162	0.746833
71	215	0.630345
72	124	0.203521
72	155	0.441758
72	239	0.24363
73	227	0.108017
73	235	0.385891
242	73	0.252194
228	74	0.76854
74	248	0.166392
75	111	0.720222
219	75	0.402457
76	81	0.403817
134	76	0.481017
77	183	0.778833
195	78	0.172768
78	236	0.145176
80	79	0.413934
98	79	0.313367
174	79	0.709436
230	79	0.633985
80	98	0.359944
108	80	0.104306
80	230	0.67226
81	134	0.615578
82	127	0.917151
141	82	0.31646
82	151	0.293233
83	220	0.436849
246	83	0.511493
209	84	0.704065
85	151	0.159363
86	92	0.624321
137	86	0.619649
176	86	0.584582
87	94	0.375354
136	87	0.295551
180	87	0.533129
128	88	0.525738
88	130	0.272187
88	213	0.664419
96	89	0.0410229
89	129	0.0753462
135	90	0.421143
173	90	0.769416
186	90	0.00617915
91	122	0.539326
143	91	0.376809
91	247	0.580844
229	92	0.322311
118	93	0.496109
93	248	0.477567
94	136	0.144505
94	230	0.856887
114	95	0.501426
123	95	0.719166
95	170	0.507085
96	129	0.603139
96	217	0.0878874
117	97	0.732517
97	131	0.116796
207	97	0.491503
98	172	0.287467
98	230	0.612884
99	146	0.750991
150	99	0.674445
99	177	0.185419
215	99	0.726313
106	100	0.506558
100	152	0.501127
100	233	0.364371
167	101	0.155589
204	101	0.702909
240	101	0.505606
102	236	0.809077
103	133	0.580471
103	134	0.416162
211	103	0.580146
104	105	0.526725
216	104	0.130286
234	104	0.488372
238	104	0.391872
105	206	0.369106
234	105	0.291207
106	114	0.681687
152	106	0.566072
233	106	0.156424
117	107	0.458759
107	131	0.562252
108	153	0.565671
108	205	0.466128
109	235	0.483203
242	109	0.179814
110	202	0.197884
226	110	0.855367
111	219	0.147496
111	224	0.1852
113	116	0.170711
113	153	0.677734
123	114	0.216994
115	140	0.800086
117	207	0.301541
247	118	0.25055
119	214	0.461831
120	172	0.520751
120	199	0.504517
212	120	0.358979
121	168	0.457495
189	121	0.838286
243	121	0.302616
122	170	0.51732
171	123	0.298567
239	124	0.136136
125	132	0.204729
164	125	0.830522
144	126	0.508041
169	127	0.568652
128	130	0.303916
129	138	0.625627
205	130	0.183818
132	164	0.379305
229	132	0.705928
133	195	0.486042
133	211	0.0968016
173	135	0.82838
186	135	0.489203
214	136	0.449648
176	137	0.592071
158	138	0.63004
180	139	0.169932
239	139	0.80639
141	151	0.769041
141	157	0.265086
142	183	0.282039
142	210	0.334933
142	218	0.744824
220	143	0.350304
247	143	0.299268
193	145	0.349411
145	223	0.640417
146	150	0.0382854
232	146	0.729671
213	147	0.680785
206	148	0.290651
216	148	0.721249
148	234	0.470373
238	148	0.865119
211	149	0.0870248
227	149	0.222461
162	150	0.485553
232	150	0.565713
152	233	0.460393
153	177	0.207245
205	153	0.356544
154	201	0.678364
154	249	0.343628
175	156	0.763124
178	156	0.496636
157	203	0.571961
157	208	0.593741
159	174	0.596912
179	159	0.745546
160	184	0.314283
190	160	0.394251
161	222	0.564633
207	162	0.144828
232	162	0.700407
166	163	0.0178416
163	181	0.518224
163	194	0.227285
164	210	0.525894
192	165	0.206555
165	195	0.424625
194	166	0.489365
197	167	0.608946
240	167	0.81543
167	241	0.237624
168	189	0.382802
243	168	0.546048
245	169	0.18815
171	191	0.626683
171	237	0.865898
199	172	0.680064
212	172	0.649383
173	186	0.447136
174	179	0.440491
178	175	0.534475
205	177	0.253395
180	188	0.634288
225	181	0.0758728
185	182	0.660685
231	182	0.728789
190	184	0.459584
185	231	0.688033
185	249	0.709852
221	187	0.394729
243	189	0.737786
237	191	0.288506
196	193	0.160651
194	225	0.370657
196	218	0.711038
204	197	0.2667
240	197	0.463981
197	241	0.391252
198	245	0.944154
199	212	0.196841
201	249	0.836154
208	203	0.531388
241	204	0.50807
206	216	0.306912
238	206	0.234657
221	208	0.375432
210	218	0.256808
215	232	0.436974
217	244	0.43165
220	246	0.275241
231	223	0.70357
226	246	0.418269
248	228	0.0690055
238	234	0.906762
235	242	0.518895
241	240	0.513461
