0	30	0.482046
104	0	0.636021
0	120	0.69205
0	214	0.465194
1	81	0.467724
106	1	0.486909
107	1	0.420135
1	159	0.580998
41	2	0.453018
2	115	0.494237
222	2	0.555576
3	31	0.510844
88	3	0.468545
3	208	0.752633
4	24	0.424293
4	38	0.32919
4	70	0.429537
4	219	0.398477
185	5	0.55862
5	205	0.251809
234	5	0.363386
123	6	0.550135
137	6	0.482646
6	157	0.458921
150	7	0.402936
151	7	0.649246
203	7	0.468638
98	8	0.434286
8	125	0.625511
204	8	0.447079
9	25	0.457462
9	59	0.516977
9	152	0.349429
124	10	0.56263
10	136	0.458148
10	231	0.586864
235	10	0.512141
11	153	0.637293
174	11	0.49749
11	241	0.614906
12	69	0.507332
12	94	0.289315
249	12	0.547863
13	23	0.378378
75	13	0.582469
232	13	0.35833
14	87	0.356443
14	154	0.5809
247	14	0.384452
15	57	0.457476
15	184	0.438606
237	15	0.38889
43	16	0.483629
16	131	0.403791
16	239	0.502533
18	17	0.477704
56	17	0.559845
216	17	0.38209
28	18	0.52597
216	18	0.5721
96	19	0.579535
19	112	0.416593
19	127	0.626328
20	40	0.520564
134	20	0.592722
20	212	0.544542
233	20	0.400923
21	74	0.539842
21	83	0.456989
21	215	0.613342
22	27	0.59966
62	22	0.526694
70	22	0.635703
23	27	0.60131
23	75	0.447669
23	232	0.407105
164	24	0.469354
24	166	0.673095
25	59	0.389618
96	25	0.706057
26	90	0.568516
132	26	0.385713
175	26	0.423532
26	181	0.553696
27	62	0.466732
39	28	0.534532
207	28	0.691055
29	110	0.482924
115	29	0.59945
29	220	0.370801
30	110	0.452888
30	214	0.477087
31	88	0.522116
31	208	0.513265
80	32	0.671704
32	109	0.604071
172	32	0.246538
32	186	0.418656
33	112	0.49498
33	127	0.42214
128	33	0.548907
223	33	0.622467
34	64	0.473215
34	103	0.548898
183	34	0.611569
34	205	0.3785
35	60	0.438108
113	35	0.533051
35	173	0.454769
84	36	0.438041
36	165	0.545654
227	36	0.564328
42	37	0.455696
142	37	0.415752
171	37	0.621732
233	37	0.462628
38	153	0.505569
166	38	0.489492
219	38	0.584854
39	167	0.665277
207	39	0.564382
134	40	0.576795
212	40	0.398265
41	208	0.745773
41	222	0.30587
42	156	0.473868
42	177	0.373083
51	43	0.630085
43	239	0.382411
122	44	0.354173
189	44	0.575938
220	44	0.517385
44	245	0.448838
108	45	0.446429
161	45	0.328957
45	182	0.567451
86	46	0.583526
46	91	0.355522
135	46	0.419417
47	61	0.536391
130	47	0.283929
47	238	0.56502
81	48	0.497673
48	106	0.326259
107	48	0.442935
159	48	0.531139
49	53	0.431742
49	158	0.566759
49	188	0.500851
50	138	0.465152
50	162	0.410094
50	230	0.585114
163	51	0.45714
200	51	0.649437
52	53	0.377684
80	52	0.519937
172	52	0.597974
186	52	0.380903
158	53	0.708051
54	92	0.360976
54	117	0.59034
54	207	0.439732
100	55	0.365371
167	55	0.526291
55	228	0.433064
119	56	0.382523
56	171	0.543155
127	57	0.313802
57	184	0.47972
87	58	0.518383
58	98	0.582628
129	58	0.632955
103	59	0.684371
60	72	0.638272
60	176	0.481203
130	61	0.542151
238	61	0.397655
242	61	0.551012
62	183	0.657049
63	116	0.542177
160	63	0.298319
63	191	0.419525
63	216	0.362789
103	64	0.41092
64	183	0.464363
82	65	0.533691
65	93	0.37452
65	169	0.613073
77	66	0.495155
66	126	0.61423
66	244	0.475181
67	95	0.474125
67	194	0.478468
67	202	0.46972
105	68	0.550796
68	150	0.516444
68	155	0.563263
69	94	0.476987
69	249	0.705269
70	166	0.640974
70	219	0.439201
71	102	0.609988
71	122	0.480528
71	146	0.516432
71	223	0.594865
113	72	0.456855
137	72	0.476018
73	118	0.355925
73	140	0.559753
218	73	0.392415
74	83	0.732367
215	74	0.505811
75	232	0.45102
148	76	0.435653
76	179	0.537842
195	76	0.386601
218	76	0.313329
86	77	0.52442
244	77	0.433818
78	141	0.435571
231	78	0.55127
78	235	0.370515
79	104	0.675722
79	120	0.65418
221	79	0.497805
79	240	0.903787
80	109	0.474055
186	80	0.377539
106	81	0.688668
81	159	0.598479
82	93	0.319946
169	82	0.41233
215	82	0.55491
83	206	0.360418
215	83	0.501725
165	84	0.591146
227	84	0.532951
85	89	0.461851
85	90	0.829627
132	85	0.638337
85	181	0.401529
91	86	0.524717
98	87	0.504467
192	87	0.285021
88	208	0.487109
132	89	0.411542
89	196	0.520048
210	89	0.549505
210	90	0.548684
91	118	0.309311
92	117	0.469905
92	125	0.476761
169	93	0.607553
190	94	0.478871
94	249	0.554471
95	202	0.55508
95	240	0.353838
112	96	0.407572
96	128	0.592817
99	97	0.525602
97	161	0.504113
97	193	0.520074
97	243	0.593815
129	98	0.563702
99	145	0.609247
174	99	0.440234
167	100	0.454571
100	228	0.377665
101	111	0.518997
192	101	0.585044
201	101	0.503334
124	102	0.63741
102	146	0.397487
102	223	0.603461
103	183	0.474317
105	104	0.258501
104	214	0.512511
114	105	0.437389
155	105	0.534477
107	106	0.532042
108	182	0.502476
224	108	0.376141
109	184	0.427313
115	110	0.354932
220	110	0.498091
129	111	0.464842
111	192	0.434903
111	201	0.453451
112	128	0.459814
113	149	0.61386
176	113	0.479254
114	150	0.5243
151	114	0.433255
114	175	0.61767
115	220	0.53241
116	149	0.490864
116	191	0.434469
209	116	0.478801
117	247	0.493411
118	218	0.548356
171	119	0.380896
119	181	0.624044
120	221	0.496207
121	139	0.506629
156	121	0.355925
121	170	0.605983
189	122	0.34248
245	122	0.472922
123	180	0.459777
211	123	0.552677
136	124	0.617216
124	235	0.465559
204	125	0.541846
204	126	0.36093
244	126	0.515061
127	128	0.465109
130	238	0.380073
160	131	0.31941
131	209	0.537302
210	132	0.448903
133	152	0.539205
133	178	0.657931
226	133	0.450546
172	134	0.513843
212	134	0.650662
152	135	0.582425
178	135	0.387662
226	135	0.534871
231	136	0.5625
137	157	0.492665
138	162	0.553089
138	230	0.424934
139	156	0.477783
139	170	0.460961
190	140	0.525963
199	140	0.370091
217	140	0.464999
141	235	0.455487
141	246	0.560697
177	142	0.437698
206	142	0.259585
233	142	0.40458
144	143	0.454558
143	188	0.753897
224	143	0.543789
237	143	0.529876
224	144	0.571724
237	144	0.503437
174	145	0.663804
145	210	0.482477
146	223	0.287922
168	147	0.515987
147	225	0.519556
147	236	0.352142
179	148	0.315915
195	148	0.577256
148	211	0.544808
149	173	0.536253
149	176	0.521658
198	150	0.396929
151	203	0.46886
226	152	0.491249
153	241	0.464414
240	154	0.47097
247	154	0.651499
175	155	0.454074
155	198	0.317903
156	170	0.369888
157	185	0.462192
180	158	0.441688
160	191	0.49529
193	161	0.570577
243	161	0.34588
230	162	0.488578
163	200	0.603878
163	209	0.539235
166	164	0.570309
219	164	0.579578
165	227	0.451225
167	228	0.444507
236	168	0.44561
237	168	0.520025
170	241	0.40847
173	176	0.558086
198	175	0.500023
206	177	0.389853
178	197	0.762885
226	178	0.649297
195	179	0.525285
196	180	0.553082
211	180	0.530373
182	202	0.46528
185	205	0.610813
234	185	0.500642
188	187	0.580066
213	187	0.35195
242	187	0.558101
188	213	0.472083
189	245	0.620868
199	190	0.631913
217	190	0.46171
191	209	0.526386
192	201	0.666915
193	243	0.455916
194	225	0.483639
246	194	0.549115
211	196	0.513855
197	229	0.677334
248	197	0.547083
217	199	0.382111
199	238	0.528578
200	234	0.60111
203	244	0.466673
205	234	0.549255
233	206	0.486164
213	242	0.497392
248	213	0.508733
240	221	0.492081
222	236	0.557322
246	225	0.559153
239	229	0.512339
248	229	0.466974
