0	37	0.478816
59	0	0.540398
0	97	0.476619
0	140	0.411788
1	65	0.515997
79	1	0.459182
114	1	0.441928
2	3	0.699829
45	2	0.409616
2	182	0.562565
136	3	0.421891
3	182	0.617031
66	4	0.484769
4	120	0.385724
4	215	0.468144
5	21	0.544844
5	25	0.474154
5	148	0.468159
89	6	0.550543
6	98	0.449339
124	6	0.417183
161	7	0.473168
162	7	0.654213
7	206	0.510328
9	8	0.583471
22	8	0.406038
24	8	0.421074
185	8	0.522249
9	26	0.547004
159	9	0.375206
10	46	0.485212
10	129	0.476757
10	203	0.345192
244	10	0.438512
11	23	0.528592
11	88	0.437705
112	11	0.444465
11	171	0.256509
156	12	0.608357
12	181	0.399019
12	183	0.571026
13	99	0.667154
130	13	0.574129
13	148	0.552749
46	14	0.434932
85	14	0.447089
14	93	0.456032
14	165	0.565881
155	15	0.474454
15	170	0.422717
15	186	0.529784
67	16	0.702399
80	16	0.415053
16	192	0.637789
17	78	0.319246
149	17	0.576293
187	17	0.424928
51	18	0.638165
63	18	0.516896
104	18	0.693526
39	19	0.538774
19	177	0.591527
19	204	0.517955
19	225	0.598191
72	20	0.378477
20	101	0.415182
193	20	0.503569
21	148	0.45578
21	247	0.463826
22	24	0.573313
22	185	0.521865
61	23	0.517826
88	23	0.468834
23	112	0.545119
24	80	0.388164
24	185	0.33595
36	25	0.670697
25	175	0.432348
25	235	0.699098
153	26	0.719795
26	159	0.460998
28	27	0.440476
128	27	0.523965
27	249	0.61867
28	128	0.546985
249	28	0.501951
86	29	0.550984
29	121	0.614553
218	29	0.398512
30	49	0.436863
30	108	0.429343
30	205	0.458662
31	100	0.579354
31	133	0.463701
160	31	0.376922
31	166	0.595601
151	32	0.375978
32	228	0.558242
32	237	0.461688
32	245	0.486836
55	33	0.441732
134	33	0.648094
33	172	0.522505
33	173	0.605922
48	34	0.62412
34	58	0.447497
34	91	0.666503
52	35	0.463262
35	152	0.553911
154	35	0.632178
35	219	0.551443
38	36	0.442002
175	36	0.445608
235	36	0.419473
58	37	0.455765
59	37	0.394504
38	144	0.596101
210	38	0.472447
77	39	0.13769
39	177	0.337629
204	39	0.516488
125	40	0.288862
131	40	0.566955
40	239	0.22112
41	60	0.511209
41	135	0.612329
41	195	0.424988
246	41	0.403763
42	115	0.484289
213	42	0.427757
214	42	0.536081
95	43	0.517764
43	167	0.657526
228	43	0.213078
139	44	0.456917
44	183	0.542121
196	44	0.385823
44	233	0.577322
118	45	0.520939
45	239	0.591038
129	46	0.388964
46	203	0.424699
59	47	0.71414
47	199	0.300812
248	47	0.714461
58	48	0.509571
48	240	0.456745
49	108	0.395811
49	205	0.522589
49	209	0.338356
50	56	0.552288
50	97	0.395756
207	50	0.42491
153	51	0.628529
51	209	0.477363
163	52	0.554785
219	52	0.4694
230	52	0.543791
57	53	0.606027
53	111	0.540778
53	136	0.488664
54	119	0.429519
160	54	0.650547
240	54	0.719153
55	134	0.548983
172	55	0.454858
55	173	0.565577
207	56	0.547742
56	234	0.538538
111	57	0.59997
57	136	0.734115
97	59	0.590598
135	60	0.558412
60	138	0.53123
60	246	0.508476
92	61	0.600395
112	61	0.465787
171	61	0.510339
62	109	0.453773
62	110	0.483936
174	62	0.473881
63	75	0.706262
63	104	0.39784
145	64	0.632023
64	226	0.601989
247	64	0.711375
65	79	0.682925
65	99	0.676465
114	65	0.374292
66	120	0.507691
66	248	0.547351
67	80	0.545727
67	192	0.573471
68	96	0.426091
234	68	0.487068
68	241	0.40372
69	76	0.375983
69	83	0.551709
69	206	0.537049
69	224	0.45229
70	132	0.453987
70	217	0.445012
70	223	0.40059
70	242	0.583232
71	140	0.316807
188	71	0.554963
220	71	0.430577
72	190	0.535356
72	221	0.447841
232	72	0.392781
73	179	0.236388
200	73	0.572209
73	216	0.4513
75	74	0.744192
74	116	0.505226
137	74	0.518491
116	75	0.709602
83	76	0.681213
131	76	0.570862
76	224	0.39134
141	77	0.308431
77	143	0.372879
78	119	0.466646
78	149	0.469452
187	78	0.569293
79	114	0.54329
79	157	0.436271
192	80	0.580184
101	81	0.578838
81	191	0.42558
81	243	0.594581
180	82	0.386795
210	82	0.502693
82	227	0.54027
236	82	0.603058
224	83	0.467587
93	84	0.544388
84	135	0.412639
84	195	0.710498
246	84	0.444054
85	93	0.609621
165	85	0.347879
121	86	0.584613
218	86	0.514414
87	103	0.402261
144	87	0.450342
87	164	0.409156
92	88	0.562453
98	89	0.637867
89	124	0.41875
90	105	0.43239
90	113	0.506335
215	90	0.564842
122	91	0.361654
91	222	0.491536
92	171	0.370074
93	165	0.546502
165	94	0.493753
94	184	0.593656
231	94	0.369392
95	106	0.690504
95	228	0.478951
96	118	0.432878
234	96	0.534323
96	241	0.557971
124	98	0.352002
207	98	0.687
99	130	0.48785
100	133	0.467678
166	100	0.482577
185	100	0.213934
193	101	0.576087
102	138	0.584378
102	158	0.523153
102	232	0.56671
164	103	0.538813
103	197	0.441643
150	104	0.435978
113	105	0.60647
215	105	0.440071
106	125	0.581644
131	106	0.468232
106	222	0.372498
109	107	0.549446
137	107	0.514727
146	107	0.471913
107	202	0.459082
108	205	0.422357
109	110	0.467458
109	174	0.67542
174	110	0.361198
111	136	0.638158
161	111	0.733448
113	116	0.535214
113	215	0.288293
114	201	0.395154
115	213	0.34032
214	115	0.590063
117	196	0.381518
117	197	0.452088
208	117	0.421891
117	244	0.515517
118	239	0.489443
119	160	0.543587
240	119	0.160785
120	139	0.625703
218	121	0.627772
178	122	0.575092
122	222	0.447717
147	123	0.596537
211	123	0.421016
123	245	0.638068
211	124	0.550814
131	125	0.576063
198	125	0.727694
126	142	0.581665
126	145	0.544039
225	126	0.407857
127	132	0.639075
217	127	0.579343
127	242	0.668023
128	197	0.546704
249	128	0.608823
203	129	0.488372
168	130	0.611897
217	132	0.496352
223	132	0.472346
166	133	0.67844
172	134	0.393711
135	195	0.506152
137	146	0.353072
137	202	0.693352
138	158	0.615176
139	196	0.456153
233	139	0.52117
188	140	0.476541
220	140	0.616304
141	143	0.54206
141	193	0.306307
189	142	0.586818
225	142	0.380965
200	143	0.578703
210	144	0.553153
145	226	0.333744
247	145	0.280099
202	146	0.517654
155	147	0.504379
211	147	0.394781
187	149	0.548356
150	178	0.426666
150	179	0.334204
237	151	0.571416
151	245	0.327859
151	249	0.374502
154	152	0.487623
163	152	0.636931
152	230	0.400176
153	209	0.482902
154	163	0.530175
170	155	0.46032
155	186	0.578033
181	156	0.403089
156	183	0.340555
167	157	0.4792
229	157	0.397865
213	158	0.406349
159	204	0.53984
160	240	0.581915
161	206	0.636718
176	162	0.656944
162	198	0.613732
233	164	0.511957
229	167	0.488921
189	168	0.437354
168	194	0.549834
168	201	0.497289
205	169	0.636097
212	169	0.469248
169	238	0.396394
170	186	0.563661
173	172	0.614744
231	173	0.36119
175	235	0.591456
176	198	0.427775
199	176	0.422734
191	177	0.639231
177	204	0.593108
179	178	0.441813
227	180	0.615883
236	180	0.304037
183	181	0.61198
182	238	0.416855
184	231	0.442304
243	184	0.502811
241	186	0.641579
208	188	0.470391
220	188	0.534113
189	194	0.485058
189	201	0.181903
221	190	0.465135
232	190	0.542159
191	243	0.555419
194	201	0.420369
195	246	0.478666
197	208	0.386785
248	199	0.541692
216	200	0.745232
202	212	0.52009
244	208	0.395889
238	212	0.497503
213	214	0.715222
216	229	0.528302
217	242	0.499459
219	230	0.548364
232	221	0.546857
223	242	0.513621
247	226	0.545506
236	227	0.58485
234	241	0.529756
245	237	0.526682
