0	60	0.424102
145	0	0.444239
0	152	0.553626
0	171	0.406919
1	28	0.464739
110	1	0.398561
241	1	0.609934
2	14	0.622151
78	2	0.518524
2	159	0.434124
40	3	0.701839
3	107	0.709198
144	3	0.408531
4	23	0.433966
4	102	0.450692
4	205	0.405981
5	43	0.605912
5	109	0.490352
119	5	0.539278
5	174	0.456554
8	6	0.409757
52	6	0.498164
86	6	0.51687
7	10	0.455743
21	7	0.611104
199	7	0.372365
86	8	0.406038
223	8	0.580809
9	112	0.617118
150	9	0.550348
9	182	0.540657
9	226	0.537385
10	21	0.528258
170	10	0.446165
10	199	0.521436
11	36	0.557196
127	11	0.417607
11	181	0.418254
51	12	0.425196
12	56	0.556263
12	185	0.685639
12	239	0.515724
82	13	0.561932
13	100	0.586752
211	13	0.480753
37	14	0.514614
14	159	0.653882
15	162	0.54388
236	15	0.389157
15	249	0.554813
16	41	0.590051
179	16	0.377702
215	16	0.425745
17	152	0.343034
17	216	0.602708
240	17	0.532513
47	18	0.289923
54	18	0.44951
147	18	0.525926
166	18	0.317025
27	19	0.558285
19	143	0.364308
19	147	0.446622
20	49	0.518166
72	20	0.421794
20	75	0.535682
198	20	0.568589
21	199	0.335693
21	211	0.402917
22	95	0.430339
22	101	0.688579
163	22	0.446744
164	22	0.491297
23	102	0.473563
23	205	0.497473
24	26	0.676865
88	24	0.606653
24	103	0.4178
25	45	0.632028
137	25	0.356479
25	224	0.563295
59	26	0.49933
88	26	0.604478
27	143	0.444271
27	147	0.479615
227	27	0.501408
110	28	0.594324
28	195	0.571321
104	29	0.453906
29	195	0.552063
29	238	0.423074
30	63	0.498635
30	141	0.452536
30	217	0.611504
74	31	0.557876
31	99	0.618707
105	31	0.587744
32	125	0.489636
32	128	0.501644
32	157	0.349441
242	32	0.46636
59	33	0.393092
33	118	0.470777
33	151	0.518039
175	34	0.503985
34	176	0.476905
34	187	0.589185
97	35	0.36986
35	155	0.657546
192	35	0.562939
36	111	0.388623
229	36	0.444878
83	37	0.46331
160	37	0.577153
189	37	0.507198
39	38	0.671729
38	42	0.271595
170	38	0.315581
130	39	0.430267
39	170	0.391986
144	40	0.536037
159	40	0.544302
71	41	0.62163
41	215	0.457073
42	149	0.635819
42	212	0.435363
43	109	0.426799
119	43	0.473003
43	142	0.570194
51	44	0.359391
185	44	0.40321
239	44	0.57137
45	163	0.496355
224	45	0.607655
97	46	0.611293
46	136	0.635408
177	46	0.444755
46	231	0.380531
54	47	0.647602
47	166	0.486237
80	48	0.347766
48	103	0.384876
156	48	0.449893
49	72	0.44845
113	49	0.352015
92	50	0.425747
50	208	0.39242
50	221	0.543821
50	243	0.642369
51	56	0.579248
52	132	0.532357
52	183	0.507432
219	52	0.51965
76	53	0.403783
53	154	0.652674
247	53	0.406547
166	54	0.486645
61	55	0.559762
169	55	0.405506
55	200	0.431961
55	233	0.634911
56	230	0.417816
239	56	0.54592
68	57	0.724249
57	168	0.527676
194	57	0.528684
58	157	0.37176
242	58	0.525156
58	248	0.533306
118	59	0.460792
59	151	0.476712
93	60	0.414253
145	60	0.319755
60	244	0.570977
61	114	0.507345
135	61	0.645016
77	62	0.719642
114	62	0.405895
62	184	0.470586
63	141	0.486115
144	63	0.543589
64	90	0.434634
64	124	0.358069
248	64	0.568742
65	67	0.488406
123	65	0.318584
65	222	0.521526
66	122	0.550793
188	66	0.483262
66	237	0.374162
67	123	0.454402
67	213	0.414225
68	104	0.459372
68	168	0.546958
194	68	0.485095
69	79	0.720473
69	139	0.521835
69	235	0.538108
70	136	0.43608
70	178	0.327559
70	207	0.413285
70	212	0.433981
71	77	0.278899
71	96	0.506797
71	106	0.558256
140	72	0.423678
148	73	0.671457
73	161	0.551114
73	167	0.30484
83	74	0.408372
74	99	0.576635
85	75	0.528436
75	113	0.360482
140	75	0.613744
76	154	0.435609
247	76	0.572427
96	77	0.633724
106	77	0.565376
121	78	0.619593
78	220	0.626309
221	78	0.531701
79	139	0.328575
79	156	0.499647
79	235	0.528784
103	80	0.480828
80	156	0.545373
81	116	0.615671
158	81	0.567315
186	81	0.481856
81	243	0.49146
82	211	0.487606
232	82	0.46526
160	83	0.538969
83	189	0.500182
123	84	0.482485
148	84	0.626229
165	84	0.522989
85	91	0.482846
85	202	0.584692
191	86	0.57424
87	121	0.351192
127	87	0.366116
220	87	0.589352
149	88	0.601881
89	90	0.47595
137	89	0.535225
89	179	0.53552
137	90	0.490884
181	91	0.507753
91	202	0.396843
92	133	0.37685
92	232	0.633199
124	93	0.393694
145	93	0.532962
93	244	0.531848
94	131	0.54413
94	172	0.446159
191	94	0.366299
95	101	0.449814
164	95	0.593218
96	106	0.612903
97	177	0.41831
97	231	0.527956
143	98	0.569704
98	153	0.496634
173	98	0.516163
228	98	0.406754
99	249	0.445861
100	133	0.520943
211	100	0.48427
164	101	0.580024
120	102	0.467114
102	205	0.449485
103	156	0.525468
104	238	0.418414
138	105	0.521982
105	193	0.489154
241	105	0.452949
203	107	0.50686
218	107	0.539949
108	115	0.354924
141	108	0.576389
108	180	0.580839
190	108	0.564639
142	109	0.520008
209	109	0.399252
110	132	0.709282
111	224	0.464603
111	229	0.505168
112	150	0.443389
182	112	0.54639
112	184	0.605823
140	113	0.473395
113	198	0.652721
114	128	0.437271
114	184	0.394062
115	180	0.558083
190	115	0.216225
116	158	0.660171
116	186	0.625004
206	117	0.385021
117	214	0.376146
117	217	0.297095
118	151	0.490712
174	119	0.331043
119	209	0.699372
171	120	0.513299
227	120	0.622442
121	220	0.624494
167	122	0.557681
188	122	0.456763
122	237	0.314861
248	124	0.23582
157	125	0.385935
242	125	0.476511
126	225	0.409641
126	245	0.655511
246	126	0.549837
127	181	0.599376
184	128	0.58863
128	230	0.559683
129	130	0.48478
210	129	0.4589
234	129	0.431541
210	130	0.390844
234	130	0.44151
172	131	0.598773
191	131	0.382551
202	131	0.315372
132	196	0.505182
132	219	0.446224
133	232	0.48937
134	187	0.447909
134	197	0.534822
222	134	0.506193
169	135	0.333426
201	135	0.427352
135	233	0.299617
136	178	0.493386
207	136	0.380984
150	138	0.538561
193	138	0.550512
235	139	0.429135
140	198	0.468383
174	142	0.540419
209	142	0.46468
147	143	0.537561
152	145	0.5848
204	146	0.492784
146	225	0.536359
146	226	0.628083
165	148	0.571765
148	213	0.571688
149	212	0.612885
203	151	0.468444
244	152	0.411673
153	160	0.564585
153	173	0.420458
153	228	0.330582
240	154	0.443998
154	247	0.453745
192	155	0.426822
155	215	0.527338
242	157	0.389318
186	158	0.501653
167	161	0.45862
161	204	0.628631
162	197	0.49244
162	236	0.50416
249	162	0.61912
163	224	0.622303
213	165	0.550449
214	165	0.441441
218	166	0.597248
168	194	0.385377
169	200	0.468283
201	169	0.616518
227	171	0.499381
172	189	0.666678
172	191	0.5847
228	173	0.449144
209	174	0.422876
175	176	0.430214
175	187	0.462259
216	175	0.426716
187	176	0.578826
177	231	0.524112
207	178	0.467344
215	179	0.690234
190	180	0.500556
213	182	0.745233
183	196	0.493756
183	219	0.632177
223	183	0.470551
230	185	0.621984
237	188	0.309735
233	192	0.50998
193	241	0.4638
195	238	0.634186
223	196	0.465378
222	197	0.434591
200	229	0.419379
201	233	0.431687
203	218	0.399747
204	225	0.618194
226	204	0.460615
214	206	0.407387
206	217	0.344572
221	208	0.624679
243	208	0.48078
210	234	0.331601
214	217	0.558175
216	240	0.564366
220	234	0.400368
243	221	0.535628
225	226	0.563601
245	228	0.497985
246	231	0.344167
236	249	0.51358
246	245	0.442693
