0	33	0.569035
49	0	0.399579
0	123	0.54974
0	196	0.545888
1	3	0.500367
45	1	0.398937
46	1	0.605409
1	83	0.542009
116	2	0.333151
2	148	0.401048
218	2	0.392573
3	45	0.395182
131	3	0.596585
4	59	0.614155
4	62	0.669118
4	140	0.397381
4	180	0.549643
5	9	0.424835
45	5	0.562128
5	46	0.490565
149	6	0.767291
230	6	0.421229
234	6	0.568898
7	86	0.560594
94	7	0.510133
100	7	0.323157
81	8	0.694482
101	8	0.509238
8	206	0.4546
46	9	0.555073
9	125	0.442339
10	57	0.520691
10	121	0.624519
221	10	0.350801
10	244	0.518709
11	12	0.483134
61	11	0.573365
11	72	0.59349
61	12	0.590988
12	170	0.42406
12	213	0.508129
13	49	0.29749
83	13	0.497927
13	93	0.499958
66	14	0.460827
67	14	0.476587
14	248	0.420356
15	186	0.583865
212	15	0.383585
15	215	0.46837
16	156	0.43813
175	16	0.416053
182	16	0.603884
17	128	0.558484
17	179	0.437506
192	17	0.424235
228	17	0.399151
60	18	0.386384
139	18	0.436423
201	18	0.539585
32	19	0.721271
19	96	0.457815
19	168	0.241382
20	40	0.355133
103	20	0.364941
20	142	0.373668
30	21	0.546148
21	34	0.511626
21	222	0.452514
22	23	0.61813
22	75	0.630318
205	22	0.407699
224	22	0.519325
23	63	0.357844
23	138	0.408015
24	77	0.453511
90	24	0.394704
24	114	0.552498
25	74	0.372449
153	25	0.475101
25	174	0.498364
198	25	0.397494
78	26	0.555564
26	115	0.419486
26	117	0.534315
177	26	0.354767
68	27	0.650524
27	166	0.750113
219	27	0.568178
28	76	0.73402
28	136	0.386253
28	235	0.656256
28	247	0.517159
29	57	0.427328
89	29	0.479879
29	111	0.398399
217	29	0.326286
30	37	0.571517
30	236	0.451215
31	48	0.455504
74	31	0.328768
78	31	0.497874
31	198	0.474073
32	96	0.562556
168	32	0.661438
33	107	0.508315
33	123	0.487315
196	33	0.457214
34	71	0.526197
222	34	0.322476
35	69	0.438585
152	35	0.389976
197	35	0.584531
130	36	0.52637
133	36	0.726124
237	36	0.561745
37	79	0.470009
236	37	0.475216
127	38	0.586264
38	136	0.366155
210	38	0.381246
243	38	0.405328
206	39	0.613956
39	216	0.554199
39	220	0.374569
40	115	0.38899
40	158	0.586671
159	40	0.585759
41	110	0.529202
120	41	0.504714
165	41	0.709144
118	42	0.448172
42	131	0.593918
149	42	0.604886
58	43	0.602059
43	70	0.551708
151	43	0.385637
43	211	0.704784
88	44	0.596205
44	157	0.52018
203	44	0.553849
45	46	0.431425
92	47	0.51443
47	104	0.539723
137	47	0.528955
244	47	0.295512
48	153	0.448018
48	217	0.52627
49	92	0.56787
49	191	0.614077
50	112	0.682889
50	148	0.653746
218	50	0.544708
115	51	0.421144
51	142	0.294996
158	51	0.658891
159	51	0.28341
58	52	0.588791
79	52	0.664188
52	154	0.64638
53	58	0.482731
53	127	0.766531
151	53	0.524279
211	53	0.41285
54	104	0.578513
137	54	0.471066
54	204	0.534438
61	55	0.657415
55	110	0.566332
170	55	0.622446
56	199	0.283658
205	56	0.328942
209	56	0.447468
57	98	0.656359
57	221	0.313995
151	58	0.398596
62	59	0.341179
94	59	0.553069
59	180	0.311462
60	109	0.495348
139	60	0.513999
61	72	0.472604
62	178	0.481313
180	62	0.42319
63	75	0.538269
138	63	0.488826
64	183	0.643296
64	197	0.425537
249	64	0.435059
65	154	0.515905
65	214	0.617731
65	235	0.458762
66	67	0.406376
66	248	0.471761
184	67	0.58598
67	248	0.553489
68	73	0.446935
68	145	0.495245
68	171	0.47045
69	109	0.599699
69	129	0.573003
70	211	0.604585
70	246	0.473995
71	125	0.306397
71	143	0.516404
118	72	0.552133
170	72	0.44943
73	145	0.636637
73	164	0.503752
233	73	0.341157
74	174	0.466678
198	74	0.639078
75	138	0.58538
205	75	0.398979
76	136	0.49323
181	76	0.581024
247	76	0.510018
114	77	0.591334
162	77	0.491811
77	231	0.442421
177	78	0.49565
79	154	0.612932
80	117	0.497344
80	122	0.490882
177	80	0.535618
81	101	0.452553
81	234	0.698541
85	82	0.553917
147	82	0.478526
82	202	0.481444
83	92	0.509684
95	84	0.541996
141	84	0.61875
84	199	0.563162
240	84	0.319531
147	85	0.612667
228	85	0.484255
86	106	0.441076
86	231	0.496791
132	87	0.527491
87	146	0.326763
227	87	0.367041
157	88	0.736506
173	88	0.458622
88	203	0.501617
91	89	0.472984
89	111	0.397748
181	89	0.61492
114	90	0.455884
90	143	0.559592
91	214	0.418244
91	235	0.438435
135	93	0.531703
241	93	0.675702
94	100	0.488903
95	216	0.547242
95	240	0.625389
168	96	0.40303
97	99	0.397416
102	97	0.364564
97	128	0.451756
98	100	0.678382
98	134	0.406503
173	98	0.602922
99	189	0.528673
193	99	0.570561
223	99	0.448667
101	134	0.502962
102	128	0.385361
179	102	0.356195
184	103	0.664242
229	103	0.638824
104	122	0.317559
104	204	0.438218
105	163	0.515296
178	105	0.606108
105	246	0.524293
231	106	0.31225
241	106	0.430528
140	107	0.543835
107	144	0.543295
187	107	0.40889
108	113	0.482766
146	108	0.366107
227	108	0.412112
129	109	0.650104
110	120	0.773233
110	165	0.623787
111	181	0.535181
111	217	0.55953
195	112	0.40134
112	239	0.559117
146	113	0.601907
113	227	0.546726
113	236	0.48446
114	135	0.580866
115	142	0.54206
195	116	0.38102
116	218	0.67005
117	122	0.438073
177	117	0.49381
118	170	0.207707
119	155	0.557925
119	185	0.650584
239	119	0.557828
120	165	0.629046
245	120	0.495283
215	121	0.392945
121	221	0.469535
196	123	0.484885
162	124	0.642679
124	167	0.485006
190	124	0.314406
143	125	0.636883
160	126	0.502916
126	169	0.527888
126	207	0.635625
210	127	0.445344
127	219	0.325606
163	129	0.567634
130	133	0.349099
130	237	0.735686
149	131	0.409134
211	132	0.452816
227	132	0.451291
237	133	0.414512
173	134	0.488483
242	134	0.377642
241	135	0.455379
137	244	0.571819
139	201	0.420093
140	144	0.564198
140	187	0.44078
141	232	0.628658
240	141	0.680109
159	142	0.398529
187	144	0.623404
145	172	0.4617
145	233	0.728439
202	147	0.481084
165	148	0.422195
176	150	0.594837
238	150	0.576387
150	242	0.546053
232	151	0.727739
197	152	0.468963
200	152	0.596674
240	152	0.493284
174	153	0.430072
155	185	0.484038
155	239	0.497033
175	156	0.646114
156	182	0.52271
157	203	0.33432
159	158	0.409754
169	160	0.539412
160	207	0.590421
161	194	0.68015
161	208	0.657624
209	161	0.575809
162	167	0.568613
190	162	0.536924
163	178	0.382557
172	164	0.5824
225	164	0.29982
233	164	0.496328
166	175	0.275361
166	219	0.521966
167	190	0.278238
201	167	0.450437
168	209	0.304268
207	169	0.519499
172	171	0.582003
183	171	0.441226
172	233	0.403323
173	242	0.553592
198	174	0.475818
182	175	0.508253
176	232	0.415251
176	238	0.476246
246	178	0.693976
192	179	0.519386
179	228	0.57744
180	230	0.707238
217	181	0.611854
194	182	0.544258
183	249	0.556471
229	184	0.495991
239	185	0.531795
212	186	0.575437
215	186	0.444625
188	220	0.513215
188	225	0.594801
226	188	0.605182
193	189	0.558265
223	189	0.614334
222	190	0.642779
191	213	0.705225
191	245	0.542876
228	192	0.389989
223	193	0.452227
194	199	0.648633
194	210	0.361248
195	218	0.468341
197	200	0.416137
208	199	0.490465
208	200	0.5394
202	204	0.515245
244	204	0.417946
224	205	0.527241
206	216	0.280758
208	209	0.537358
210	243	0.633718
212	215	0.616831
245	213	0.455522
214	224	0.310377
235	214	0.427342
225	220	0.577982
220	226	0.545705
226	225	0.517673
249	229	0.497568
234	230	0.524988
232	238	0.415783
247	243	0.636391
