0	82	0.337766
94	0	0.53189
0	173	0.671531
0	232	0.693961
1	14	0.558718
118	1	0.350527
169	1	0.372257
1	235	0.380741
140	2	0.492948
2	149	0.502025
150	2	0.614212
2	243	0.512319
113	3	0.562784
3	183	0.619079
3	244	0.333096
4	126	0.491046
4	158	0.608726
4	210	0.494578
52	5	0.456768
5	61	0.41372
221	5	0.527485
7	6	0.617736
80	6	0.430373
6	90	0.424368
132	6	0.471222
90	7	0.535552
132	7	0.367679
93	8	0.63509
8	175	0.390317
225	8	0.528175
9	149	0.54064
9	196	0.39907
9	232	0.578228
48	10	0.525543
10	119	0.60636
10	120	0.651001
42	11	0.469274
11	57	0.322894
151	11	0.408557
11	226	0.592916
12	83	0.387047
12	138	0.46557
148	12	0.408067
13	55	0.533244
79	13	0.560267
236	13	0.639991
14	170	0.612403
14	227	0.483179
18	15	0.382734
15	130	0.350838
15	172	0.611865
36	16	0.46252
68	16	0.578379
16	112	0.346108
16	151	0.603887
63	17	0.382128
187	17	0.533953
218	17	0.4016
85	18	0.5557
213	18	0.520888
28	19	0.519371
19	186	0.537812
19	201	0.582594
19	211	0.268569
47	20	0.325505
20	95	0.49226
143	20	0.755616
20	207	0.300371
21	51	0.594029
21	152	0.480089
21	205	0.56404
106	22	0.50354
139	22	0.539021
22	144	0.407615
22	228	0.595504
23	85	0.481532
141	23	0.355657
23	162	0.781377
24	53	0.614898
98	24	0.508392
24	181	0.379242
46	25	0.452301
62	25	0.525044
25	173	0.454042
26	80	0.523578
101	26	0.468018
176	26	0.504738
26	220	0.672308
56	27	0.392129
27	185	0.333288
27	214	0.616083
28	125	0.788365
28	186	0.462544
29	41	0.57073
134	29	0.414432
29	164	0.507898
193	29	0.608743
30	45	0.603187
30	73	0.440795
30	202	0.515054
71	31	0.422023
167	31	0.474973
31	182	0.686183
31	208	0.539346
34	32	0.566317
32	135	0.522929
32	194	0.626643
124	33	0.494597
33	212	0.353079
219	33	0.569259
33	247	0.536781
184	34	0.542719
240	34	0.6494
37	35	0.415353
117	35	0.339595
156	35	0.644883
35	235	0.494292
39	36	0.666397
68	36	0.521038
36	77	0.349114
114	37	0.416575
156	37	0.567154
84	38	0.520791
38	189	0.372637
38	191	0.570057
39	77	0.639891
39	151	0.672276
87	40	0.350513
40	146	0.4956
155	40	0.523048
180	40	0.535233
48	41	0.739566
41	134	0.452771
245	41	0.567357
57	42	0.441195
42	226	0.519634
63	43	0.391936
43	157	0.515047
221	43	0.502356
44	97	0.487907
108	44	0.37206
44	234	0.562951
108	45	0.27788
45	233	0.398569
62	46	0.535721
126	46	0.454239
47	54	0.764546
47	143	0.562163
48	193	0.590283
48	245	0.52342
49	125	0.574068
49	166	0.639314
235	49	0.407514
74	50	0.382325
50	102	0.468203
115	50	0.698386
152	51	0.531335
205	51	0.738891
206	52	0.509191
52	221	0.548067
53	98	0.431911
53	181	0.574428
192	53	0.414981
66	54	0.552309
54	143	0.655222
56	55	0.727312
55	236	0.425748
139	56	0.294943
56	185	0.449697
226	57	0.517599
58	59	0.432702
72	58	0.537075
183	58	0.421383
58	195	0.511239
59	72	0.610859
106	59	0.446765
195	59	0.444734
73	60	0.335692
60	154	0.379527
60	247	0.488156
171	61	0.543156
61	249	0.428732
62	239	0.492154
157	63	0.641283
64	76	0.495184
107	64	0.562229
64	111	0.505244
65	79	0.604992
162	65	0.42492
65	200	0.540528
66	88	0.560277
66	223	0.55436
67	199	0.403453
67	204	0.413089
207	67	0.550043
68	77	0.588469
68	144	0.512708
69	136	0.407366
69	154	0.75269
69	182	0.438588
69	215	0.430446
70	109	0.354471
70	118	0.465136
70	238	0.566328
71	167	0.706608
215	71	0.514586
230	71	0.55215
72	84	0.515229
72	195	0.540661
202	73	0.457298
74	102	0.375192
115	74	0.320433
75	161	0.483367
171	75	0.671803
75	241	0.62042
107	76	0.492515
111	76	0.434911
239	76	0.389065
104	78	0.290659
78	163	0.526961
216	78	0.566976
79	200	0.439938
80	101	0.506328
80	103	0.47694
163	81	0.539224
81	216	0.505879
81	231	0.410955
242	81	0.420632
94	82	0.69429
82	173	0.704892
82	246	0.527481
98	83	0.535488
138	83	0.429228
83	148	0.684333
189	84	0.620829
130	85	0.539656
213	85	0.377848
86	124	0.316539
86	133	0.689111
220	86	0.355281
87	170	0.385321
199	87	0.556626
99	88	0.478886
223	88	0.277411
89	122	0.478545
131	89	0.688926
89	190	0.4685
132	90	0.605413
96	91	0.49712
91	112	0.404969
91	128	0.414204
91	208	0.551131
121	92	0.548203
161	92	0.504456
92	177	0.403259
93	175	0.631728
93	225	0.660151
105	94	0.561828
94	246	0.474346
127	95	0.60246
95	203	0.422841
96	112	0.600264
96	208	0.321963
214	96	0.400478
97	184	0.453035
234	97	0.49214
181	98	0.511604
99	147	0.376946
99	206	0.542304
121	100	0.52377
178	100	0.605921
248	100	0.497528
101	191	0.643976
102	115	0.513343
102	123	0.551319
176	103	0.534003
103	191	0.717989
136	104	0.600188
216	104	0.495479
242	104	0.519946
105	173	0.315162
232	105	0.755729
106	197	0.442647
198	106	0.620502
239	107	0.441566
233	108	0.406078
109	118	0.63765
109	190	0.496412
109	238	0.47332
110	128	0.653817
197	110	0.401839
110	230	0.376039
239	111	0.666708
112	208	0.634093
113	114	0.554723
113	244	0.613463
114	117	0.52368
156	114	0.485398
115	150	0.554799
116	137	0.581748
165	116	0.486299
116	174	0.528881
117	156	0.396284
117	187	0.653752
238	118	0.528399
119	120	0.293615
165	119	0.580139
143	120	0.445479
121	177	0.52145
142	122	0.515845
190	122	0.612322
123	168	0.544741
179	123	0.461825
229	123	0.374917
212	124	0.344769
124	220	0.285515
125	201	0.336977
158	126	0.523551
126	210	0.453875
203	127	0.45396
127	233	0.478474
128	230	0.378276
174	129	0.468751
192	129	0.352914
224	129	0.530319
172	130	0.5102
213	130	0.539066
137	131	0.576205
165	131	0.414133
133	212	0.532381
133	219	0.326812
134	160	0.369052
135	194	0.55331
135	236	0.393988
215	136	0.607171
240	136	0.440129
165	137	0.393521
138	148	0.574576
139	144	0.576418
150	140	0.441194
243	140	0.482483
145	141	0.679323
162	141	0.515159
142	161	0.507143
241	142	0.314521
248	142	0.492007
228	144	0.53311
153	145	0.531736
222	145	0.592699
146	155	0.382718
146	180	0.411949
206	147	0.519695
147	213	0.652147
149	196	0.569919
243	150	0.426798
222	151	0.627146
152	205	0.491012
153	222	0.658506
153	227	0.615898
247	154	0.448456
155	158	0.690835
180	155	0.322015
157	202	0.511252
210	158	0.466773
188	159	0.629728
189	159	0.416891
159	217	0.582641
159	237	0.564367
160	193	0.565544
245	160	0.509011
161	241	0.476617
231	163	0.629417
186	164	0.339758
229	164	0.446041
166	169	0.530121
166	227	0.46704
235	166	0.49428
182	167	0.60849
168	179	0.477455
168	229	0.453026
215	169	0.455267
227	169	0.508151
170	199	0.699479
171	249	0.652509
209	172	0.465294
192	174	0.654786
174	224	0.431489
225	175	0.615485
209	176	0.415274
194	177	0.56528
219	178	0.495894
178	248	0.432142
179	229	0.64476
204	180	0.427282
244	183	0.300051
240	184	0.603009
214	185	0.556338
185	249	0.392449
186	211	0.56676
218	187	0.442205
217	188	0.394622
188	237	0.553443
191	209	0.58276
192	224	0.414178
196	241	0.487578
198	197	0.476065
228	197	0.405463
198	226	0.493405
228	198	0.578475
218	200	0.552147
201	211	0.390853
203	234	0.308478
204	207	0.431352
216	242	0.469869
237	217	0.535391
219	220	0.456338
225	223	0.429599
242	231	0.595457
232	246	0.496801
