0	58	0.466036
77	0	0.459002
0	195	0.518952
0	247	0.341845
1	56	0.459784
180	1	0.511774
220	1	0.49987
1	244	0.448378
29	2	0.376312
2	120	0.549266
123	2	0.26957
3	21	0.543496
200	3	0.702672
3	206	0.275573
4	26	0.404965
4	46	0.530194
4	193	0.509705
4	231	0.498745
11	5	0.650671
5	140	0.532168
143	5	0.495744
208	5	0.574701
153	6	0.716179
6	161	0.66972
202	6	0.675541
46	7	0.576168
82	7	0.654233
187	7	0.63774
7	225	0.643754
67	8	0.420878
8	106	0.531208
8	190	0.396857
9	102	0.581054
144	9	0.511744
9	204	0.427199
10	91	0.664195
122	10	0.591105
10	137	0.412741
143	11	0.46122
11	202	0.509936
11	208	0.550675
12	16	0.522005
19	12	0.413046
12	92	0.681664
165	13	0.494972
229	13	0.316624
13	236	0.59386
14	73	0.337418
159	14	0.632888
14	231	0.577741
15	53	0.530982
96	15	0.557147
126	15	0.509756
15	146	0.607825
16	19	0.46187
63	16	0.579803
24	17	0.389131
74	17	0.514778
111	17	0.571555
116	17	0.351333
48	18	0.428861
18	94	0.479849
18	136	0.627085
18	169	0.495818
63	19	0.486307
19	86	0.41249
43	20	0.46212
20	133	0.505113
20	191	0.631905
20	238	0.678478
21	86	0.44298
206	21	0.431385
47	22	0.678541
22	139	0.498608
22	163	0.410117
23	39	0.600248
199	23	0.570011
23	240	0.737086
24	111	0.54313
116	24	0.545191
24	133	0.564697
75	25	0.554861
166	25	0.612154
25	194	0.476065
25	222	0.524137
46	26	0.38619
149	26	0.477631
26	193	0.605332
164	27	0.314861
27	170	0.443688
27	198	0.418867
28	112	0.469688
28	213	0.351562
28	241	0.579226
195	29	0.343297
29	196	0.504601
249	29	0.651651
30	128	0.464199
30	201	0.63678
30	209	0.532663
63	31	0.476667
150	31	0.415926
31	155	0.345839
31	184	0.590555
61	32	0.313868
32	145	0.493242
32	205	0.600434
246	32	0.484905
33	47	0.515971
117	33	0.45684
33	125	0.555188
77	34	0.671567
84	34	0.487904
170	34	0.560796
89	35	0.618933
110	35	0.642407
35	179	0.395718
59	36	0.641754
60	36	0.512353
36	71	0.557672
45	37	0.473657
212	37	0.593549
215	37	0.740663
37	224	0.400188
38	96	0.54404
38	126	0.616026
38	142	0.44503
242	38	0.521525
39	199	0.474685
207	39	0.494454
74	40	0.4616
127	40	0.697411
40	132	0.520073
151	40	0.567203
53	41	0.535439
41	120	0.534568
174	41	0.683615
42	54	0.375125
163	42	0.544775
42	175	0.501567
133	43	0.502771
43	159	0.50406
238	43	0.500711
44	65	0.480472
79	44	0.414412
207	44	0.51951
45	158	0.525479
45	212	0.435421
45	215	0.487168
46	193	0.637522
47	163	0.474152
48	118	0.392218
169	48	0.51814
61	49	0.307002
49	145	0.384214
205	49	0.57733
246	49	0.544496
90	50	0.418962
172	50	0.656256
50	186	0.468387
51	88	0.454748
51	158	0.50762
218	51	0.511912
243	51	0.397835
52	104	0.471403
134	52	0.596133
52	181	0.368827
174	53	0.594677
54	175	0.410032
193	54	0.451007
55	97	0.34456
166	55	0.315718
177	55	0.369206
55	219	0.56938
56	113	0.231318
220	56	0.686466
226	56	0.403995
97	57	0.23715
57	141	0.511808
57	177	0.537852
228	57	0.505565
58	77	0.48315
58	114	0.591888
227	58	0.545148
59	98	0.491565
152	59	0.621876
60	71	0.282755
60	98	0.441504
234	60	0.544852
61	145	0.455333
62	81	0.501166
62	115	0.402147
62	183	0.312923
62	237	0.399603
106	63	0.370278
64	76	0.709578
64	139	0.644683
64	167	0.421127
65	113	0.659612
65	158	0.369385
65	218	0.327845
66	72	0.589821
66	160	0.594987
66	196	0.646167
67	234	0.594417
239	67	0.528961
108	68	0.57368
68	169	0.517452
68	183	0.572088
78	69	0.468813
69	149	0.260381
189	69	0.46623
70	201	0.502287
209	70	0.497465
70	216	0.561897
98	71	0.415891
152	71	0.521661
152	72	0.49722
160	72	0.621793
73	159	0.494773
160	73	0.566797
73	231	0.400766
74	85	0.517033
74	127	0.476175
157	75	0.678996
75	223	0.52191
75	230	0.393645
139	76	0.602108
145	76	0.412857
76	167	0.501122
77	114	0.567637
107	78	0.65864
149	78	0.558785
78	189	0.568893
125	79	0.362233
207	79	0.618651
107	80	0.447266
80	130	0.523577
80	221	0.514874
115	81	0.640381
81	237	0.348706
187	82	0.645581
225	82	0.434865
85	83	0.775609
83	122	0.407672
224	83	0.65766
84	170	0.298525
197	84	0.547097
137	85	0.567849
85	224	0.428298
86	148	0.593751
86	178	0.542119
153	87	0.452682
181	87	0.498632
87	200	0.520448
88	105	0.573955
88	113	0.491752
218	88	0.41846
89	110	0.680131
131	89	0.466047
89	179	0.386453
90	171	0.513995
90	172	0.550212
92	91	0.490361
91	140	0.49654
140	92	0.519586
135	93	0.502735
93	162	0.660254
93	219	0.393298
118	94	0.333155
136	94	0.26024
182	95	0.498817
95	228	0.538358
95	235	0.513662
96	142	0.444647
146	96	0.440502
97	156	0.398641
152	98	0.486747
122	99	0.462508
137	99	0.446566
99	224	0.434144
124	100	0.402398
100	204	0.430571
232	100	0.516386
122	101	0.703889
128	101	0.382918
101	154	0.422693
102	138	0.628166
102	144	0.459832
103	104	0.46819
203	103	0.545946
103	222	0.275102
181	104	0.422732
105	113	0.36378
105	117	0.472354
105	158	0.526847
106	190	0.494425
130	107	0.520625
107	221	0.50145
108	183	0.563563
244	108	0.569784
109	175	0.391583
109	182	0.352194
109	248	0.37418
138	110	0.361271
110	179	0.479023
116	111	0.454809
119	112	0.59662
112	151	0.474819
241	112	0.432343
185	114	0.453646
114	227	0.529166
199	115	0.552643
237	115	0.498572
125	117	0.457248
118	136	0.806759
118	210	0.52379
131	119	0.421686
119	203	0.521028
213	119	0.432125
120	123	0.57958
121	168	0.583014
171	121	0.481194
247	121	0.459684
135	123	0.442603
204	124	0.511397
232	124	0.45416
245	124	0.557977
142	126	0.174346
126	146	0.355699
127	173	0.395057
128	154	0.607374
129	180	0.6544
129	210	0.594551
248	129	0.435603
221	130	0.408936
241	131	0.306775
132	148	0.509504
132	178	0.386688
238	133	0.492811
147	134	0.360585
245	134	0.427154
162	135	0.405772
136	169	0.472479
144	138	0.504902
167	139	0.493532
156	141	0.498108
219	141	0.346491
208	143	0.575971
147	177	0.528135
147	245	0.486429
168	148	0.573835
148	178	0.6086
149	189	0.718032
155	150	0.536885
184	150	0.482167
150	239	0.508409
151	216	0.443504
151	233	0.385892
200	153	0.432197
154	194	0.549784
184	155	0.579155
156	177	0.461578
219	156	0.453995
223	157	0.568246
230	157	0.510121
159	231	0.481575
161	172	0.547223
161	202	0.483623
179	162	0.354498
164	188	0.309192
198	164	0.370996
217	165	0.512972
229	165	0.499671
165	240	0.569599
166	194	0.556927
230	166	0.638021
171	168	0.306757
173	216	0.342302
173	225	0.613849
233	173	0.38858
214	174	0.532654
176	192	0.567211
176	227	0.478582
243	176	0.53339
210	180	0.502238
182	248	0.410655
227	185	0.495465
247	185	0.516922
191	186	0.635866
197	186	0.380029
187	225	0.161363
188	198	0.474461
206	188	0.471378
192	190	0.331941
197	191	0.739195
243	192	0.688634
194	223	0.640463
195	226	0.412699
249	195	0.517703
249	196	0.627668
201	209	0.451147
203	222	0.42524
204	232	0.492231
205	246	0.394355
211	209	0.622189
214	211	0.360728
211	242	0.38753
215	212	0.450243
241	213	0.568358
214	242	0.423646
215	235	0.426136
216	233	0.33797
217	229	0.551189
236	217	0.524667
217	240	0.450482
226	220	0.681885
244	220	0.382235
226	244	0.51957
235	228	0.559263
236	229	0.460346
239	234	0.427848
