0	10	0.333622
181	0	0.376591
0	211	0.755475
1	38	0.436883
1	78	0.457305
96	1	0.54803
149	1	0.55557
2	23	0.424603
81	2	0.583363
2	82	0.385146
219	2	0.662329
3	109	0.65229
214	3	0.521293
3	220	0.417806
3	233	0.363764
4	24	0.412804
4	185	0.568262
4	224	0.62086
15	5	0.569733
5	195	0.370219
234	5	0.513092
65	6	0.52004
101	6	0.453113
6	119	0.739015
57	7	0.408779
183	7	0.501218
235	7	0.319968
14	8	0.521395
8	188	0.699462
202	8	0.554692
9	49	0.475348
9	70	0.306643
9	114	0.498158
160	9	0.658181
10	27	0.567027
10	211	0.539278
15	11	0.433001
11	29	0.460776
107	11	0.559333
11	171	0.536934
12	16	0.386811
12	93	0.256943
108	12	0.498953
12	140	0.44658
71	13	0.401315
72	13	0.398119
13	226	0.541576
14	116	0.586847
155	14	0.459147
14	216	0.589663
15	29	0.612931
107	15	0.603617
85	16	0.650932
16	93	0.420565
16	241	0.51129
25	17	0.533961
35	17	0.418535
158	17	0.675369
215	17	0.423645
177	18	0.575557
186	18	0.43865
18	246	0.542295
19	32	0.538497
19	83	0.553456
98	19	0.512835
19	213	0.522669
124	20	0.489261
20	147	0.617903
20	165	0.498258
20	190	0.44477
21	94	0.441607
112	21	0.347834
134	21	0.614214
22	175	0.535451
22	184	0.433475
22	217	0.386213
192	23	0.483702
23	222	0.571381
24	91	0.691556
224	24	0.557871
25	35	0.503671
158	25	0.459986
113	26	0.309954
26	138	0.534618
26	170	0.34065
177	26	0.45446
33	27	0.472649
27	167	0.473373
68	28	0.247553
28	197	0.642325
28	213	0.453031
29	107	0.513176
29	127	0.598184
30	110	0.363659
181	30	0.647379
30	236	0.554146
45	31	0.472898
31	54	0.509331
31	208	0.480565
32	98	0.54863
125	32	0.466847
213	32	0.432864
33	46	0.385859
33	167	0.504354
40	34	0.482916
34	91	0.483923
34	230	0.527866
158	35	0.445091
35	215	0.390102
130	36	0.382883
36	158	0.568405
242	36	0.586431
245	36	0.476587
84	37	0.310419
106	37	0.519989
110	37	0.548693
37	225	0.48189
79	38	0.429791
133	38	0.458276
38	159	0.619446
80	39	0.49036
124	39	0.589293
231	39	0.61569
40	91	0.443537
40	234	0.415436
41	78	0.645211
41	111	0.554593
164	41	0.643958
42	60	0.617766
130	42	0.449071
227	42	0.389367
53	43	0.463005
43	144	0.552016
205	43	0.633855
137	44	0.571561
44	194	0.489235
244	44	0.422672
45	191	0.40704
195	45	0.293118
45	196	0.419908
121	46	0.664338
46	123	0.586587
89	47	0.604162
47	168	0.678285
185	47	0.574663
189	47	0.568694
48	99	0.573311
48	122	0.452272
48	135	0.337748
49	95	0.426375
49	160	0.400813
49	238	0.670759
73	50	0.571796
206	50	0.461036
50	223	0.339362
104	51	0.439062
126	51	0.475658
218	51	0.502069
88	52	0.528798
52	118	0.614523
52	134	0.504635
52	145	0.539345
65	53	0.471054
144	53	0.394906
54	208	0.531695
219	54	0.518526
55	57	0.436394
63	55	0.440252
55	196	0.511652
247	55	0.534499
56	81	0.570201
92	56	0.525347
95	56	0.4229
56	210	0.571602
57	63	0.50317
247	57	0.523831
120	58	0.506815
128	58	0.430761
58	136	0.5315
58	154	0.656077
69	59	0.720862
59	138	0.596362
59	201	0.356991
211	60	0.275449
60	227	0.392661
87	61	0.513992
61	180	0.661026
61	246	0.421195
74	62	0.44463
62	153	0.52953
62	221	0.358365
63	109	0.503868
63	191	0.534802
64	169	0.421149
174	64	0.490593
64	249	0.366773
65	101	0.506142
66	68	0.482565
66	83	0.388506
66	243	0.552569
67	162	0.598245
67	199	0.450006
67	232	0.612236
68	197	0.607322
69	106	0.561496
201	69	0.516803
102	70	0.458474
70	114	0.540254
70	167	0.669805
72	71	0.487341
71	226	0.443797
227	71	0.43324
72	151	0.567897
226	72	0.532448
73	206	0.448127
226	73	0.575251
153	74	0.438548
221	74	0.447244
189	75	0.545596
75	194	0.50946
244	75	0.376683
76	132	0.408936
76	164	0.576573
76	203	0.689372
205	77	0.556129
77	221	0.320977
77	223	0.631925
96	78	0.506676
149	78	0.681381
79	133	0.533836
79	159	0.393911
97	80	0.502792
182	80	0.346365
80	207	0.614506
82	81	0.285407
219	81	0.40459
219	82	0.369039
83	243	0.61145
84	146	0.476694
178	84	0.472981
84	212	0.524795
108	85	0.419913
241	85	0.505407
139	86	0.456689
86	141	0.33099
143	86	0.296652
86	237	0.371388
137	87	0.581536
139	87	0.465478
87	180	0.480572
88	113	0.5304
88	118	0.506503
145	88	0.61132
142	89	0.626962
89	185	0.39463
89	189	0.634473
90	131	0.364491
172	90	0.629748
90	239	0.540123
95	92	0.503116
92	210	0.513243
92	241	0.512547
93	108	0.45484
140	93	0.530373
94	134	0.42244
193	94	0.488889
228	94	0.404589
95	210	0.431986
96	149	0.568478
182	97	0.305539
207	97	0.6967
213	98	0.548634
99	122	0.450011
99	135	0.515154
100	127	0.467837
152	100	0.652993
100	166	0.519274
170	101	0.523409
114	102	0.332182
238	102	0.371216
103	111	0.56294
170	103	0.455802
103	177	0.544756
126	104	0.544195
218	104	0.409245
115	105	0.464856
105	129	0.462471
105	188	0.385479
105	198	0.536862
106	146	0.545141
132	107	0.365268
108	147	0.536156
220	109	0.414659
109	233	0.547337
110	236	0.595138
111	164	0.564662
112	134	0.619399
193	112	0.432685
112	228	0.358794
113	138	0.497904
177	113	0.571188
114	160	0.591322
115	129	0.24889
115	198	0.67366
155	116	0.45641
116	216	0.398014
143	117	0.575695
157	117	0.532357
117	179	0.519303
145	118	0.404066
148	118	0.520511
119	150	0.616781
156	119	0.32895
128	120	0.567666
136	120	0.661066
121	123	0.539434
121	231	0.356827
135	122	0.650038
123	163	0.607999
231	124	0.407687
125	168	0.319504
125	171	0.588368
218	126	0.302397
152	127	0.419747
166	127	0.64453
136	128	0.606353
198	129	0.547709
242	130	0.406472
245	130	0.578999
131	163	0.431687
131	172	0.448285
131	239	0.509465
132	203	0.611819
133	159	0.423306
236	133	0.611703
208	135	0.31177
186	136	0.382315
137	180	0.474834
138	170	0.595283
141	139	0.578577
237	139	0.327617
241	140	0.612111
237	141	0.51676
142	154	0.373346
179	142	0.653578
157	143	0.580335
200	144	0.352198
184	145	0.45434
178	146	0.407285
146	212	0.386328
147	165	0.47595
190	147	0.605559
148	173	0.499487
148	240	0.610391
156	150	0.700265
199	150	0.512215
151	187	0.509233
151	200	0.575839
151	248	0.46565
155	152	0.392035
152	166	0.503373
221	153	0.607791
154	179	0.563391
216	155	0.460027
178	156	0.512159
222	157	0.602137
160	238	0.705416
161	176	0.576908
161	204	0.485214
209	161	0.534914
161	225	0.404195
199	162	0.47324
232	162	0.545185
174	163	0.629313
163	249	0.536185
165	190	0.440019
171	168	0.530428
229	169	0.341054
169	230	0.470764
172	215	0.807489
239	172	0.405414
174	173	0.329669
173	240	0.618816
174	249	0.483372
184	175	0.481289
217	175	0.44675
176	203	0.406709
204	176	0.501271
209	176	0.330594
225	178	0.477299
211	181	0.454841
182	207	0.426401
183	206	0.437656
235	183	0.362189
217	184	0.516099
248	185	0.795556
246	186	0.46149
187	200	0.469417
187	243	0.63815
248	187	0.638648
202	188	0.655699
190	202	0.509572
191	196	0.603103
191	247	0.518503
192	216	0.368806
222	192	0.448584
228	193	0.502639
194	197	0.495998
244	194	0.46145
234	195	0.386984
196	228	0.508435
199	232	0.542773
200	248	0.444189
201	240	0.543171
209	204	0.64706
205	223	0.486905
235	207	0.482918
238	210	0.390194
212	225	0.473919
220	214	0.65042
233	214	0.485559
232	218	0.462312
220	233	0.49935
229	224	0.557013
230	229	0.584878
242	245	0.490101
