0	41	0.289867
125	0	0.553254
0	216	0.490655
1	36	0.557885
1	57	0.284123
164	1	0.538191
9	2	0.548027
2	138	0.453666
237	2	0.39481
3	68	0.23704
75	3	0.398222
3	114	0.534437
13	4	0.579954
4	52	0.400645
4	238	0.512096
5	133	0.474123
5	174	0.425523
5	198	0.467612
40	6	0.402077
6	85	0.546417
234	6	0.442953
37	7	0.510171
106	7	0.443352
7	156	0.577243
22	8	0.553929
62	8	0.48826
227	8	0.616408
138	9	0.493636
9	237	0.238917
43	10	0.393562
10	50	0.388568
10	149	0.421791
10	228	0.622798
58	11	0.549602
11	170	0.445177
11	235	0.494029
169	12	0.470551
12	175	0.429656
225	12	0.586902
12	232	0.534412
13	52	0.445741
13	238	0.593569
17	14	0.315012
14	61	0.475142
91	14	0.558125
184	14	0.435788
15	40	0.518448
15	105	0.289925
138	15	0.487009
16	42	0.42953
16	66	0.511302
127	16	0.517263
240	16	0.586531
17	86	0.40757
17	91	0.560735
92	17	0.464403
59	18	0.444831
70	18	0.463565
77	18	0.432781
49	19	0.374653
139	19	0.567214
19	151	0.624479
20	23	0.515159
20	98	0.586646
118	20	0.431147
20	241	0.483517
86	21	0.562641
21	207	0.586671
21	236	0.463151
22	62	0.520509
22	227	0.462659
83	23	0.395729
98	23	0.596679
24	25	0.436569
24	166	0.505899
24	248	0.483178
166	25	0.454502
25	222	0.470608
26	76	0.316886
83	26	0.426518
26	158	0.454803
69	27	0.557172
177	27	0.44535
27	195	0.309947
28	100	0.36733
170	28	0.467878
231	28	0.566857
29	56	0.580555
145	29	0.480068
29	221	0.532966
30	54	0.606795
30	127	0.60709
30	136	0.719382
31	64	0.582501
78	31	0.565139
31	130	0.553855
220	31	0.617846
32	60	0.607496
32	63	0.546326
32	157	0.343816
223	32	0.603883
122	33	0.420021
33	134	0.426499
33	143	0.596259
112	34	0.40123
34	178	0.590062
34	208	0.654459
148	35	0.405122
35	203	0.582275
217	35	0.420635
36	57	0.659864
82	36	0.603851
106	37	0.556835
156	37	0.534333
135	38	0.552528
180	38	0.785983
38	231	0.405793
243	38	0.542025
152	39	0.540472
39	175	0.503425
218	39	0.545069
105	40	0.603042
125	41	0.600416
41	216	0.409619
42	140	0.39221
42	162	0.400569
43	50	0.373263
94	43	0.58791
43	149	0.435407
154	44	0.599086
155	44	0.424171
169	44	0.57465
45	69	0.351754
142	45	0.549129
205	45	0.429168
45	213	0.132209
160	46	0.507495
46	183	0.559211
244	46	0.633533
46	249	0.480188
67	47	0.393867
47	90	0.439755
168	47	0.593141
48	140	0.480201
146	48	0.458538
223	48	0.352896
49	153	0.67884
49	214	0.497886
50	219	0.549845
50	228	0.259963
51	77	0.451351
51	81	0.441666
177	51	0.503529
238	52	0.551496
53	121	0.449329
147	53	0.72291
222	53	0.45055
132	54	0.51767
196	54	0.489279
55	108	0.365733
55	206	0.498765
55	210	0.574945
211	55	0.595185
183	56	0.234118
56	221	0.345117
126	57	0.405421
58	199	0.411481
235	58	0.521841
59	72	0.550761
77	59	0.444424
59	159	0.531363
63	60	0.587633
157	60	0.482707
60	211	0.401431
61	115	0.62519
163	61	0.403692
124	62	0.402581
227	62	0.384114
63	131	0.436346
63	157	0.355739
130	64	0.647379
64	220	0.555282
65	70	0.873601
191	65	0.525116
65	209	0.593532
230	65	0.339937
66	149	0.400568
66	240	0.473442
243	66	0.421254
67	90	0.605972
67	168	0.270339
68	75	0.43813
68	247	0.387054
69	142	0.570025
213	69	0.43493
70	84	0.651862
70	189	0.56722
71	95	0.546201
71	125	0.487502
71	224	0.550082
72	87	0.497235
72	128	0.544235
72	185	0.518774
73	200	0.526689
73	205	0.56347
229	73	0.540617
89	74	0.616967
74	103	0.524345
74	104	0.583163
204	74	0.525654
75	83	0.549656
83	76	0.594012
76	158	0.410886
159	77	0.463892
78	117	0.410494
120	78	0.465409
135	79	0.535574
150	79	0.63559
161	79	0.591894
80	97	0.560595
126	80	0.615962
80	226	0.516287
81	93	0.567851
81	159	0.557172
132	82	0.487881
82	136	0.43877
82	196	0.597564
137	84	0.571779
181	84	0.440828
84	246	0.389018
85	90	0.599242
234	85	0.51599
207	86	0.527017
86	236	0.493265
119	87	0.608102
128	87	0.425231
185	87	0.455955
88	93	0.582906
88	102	0.706289
167	88	0.287299
89	103	0.469056
204	89	0.461425
232	89	0.553239
168	90	0.567108
91	92	0.553023
133	91	0.483329
92	144	0.663619
102	93	0.535874
109	94	0.696036
94	144	0.490994
95	122	0.421199
95	224	0.485882
153	96	0.618754
179	96	0.478124
96	187	0.494267
96	233	0.477213
97	186	0.434242
239	97	0.374869
98	118	0.524296
241	98	0.557078
99	111	0.41566
99	123	0.426657
99	141	0.559444
116	100	0.432919
100	170	0.599901
190	100	0.386091
124	101	0.495045
101	147	0.386136
101	190	0.409107
209	102	0.495013
204	103	0.42419
119	104	0.655449
104	212	0.431359
105	143	0.433817
106	156	0.55055
194	107	0.244644
107	210	0.679735
248	107	0.492591
218	108	0.573327
247	108	0.478736
109	144	0.606667
172	109	0.497368
110	141	0.625807
188	110	0.426175
235	110	0.559221
123	111	0.578653
111	141	0.538322
111	188	0.644409
112	186	0.531153
112	208	0.491628
114	113	0.546388
113	158	0.52259
202	113	0.47637
113	215	0.547753
114	202	0.469992
114	215	0.461648
115	163	0.511822
182	115	0.382954
116	164	0.346937
116	165	0.693006
120	117	0.431913
117	187	0.500042
118	241	0.36608
119	212	0.595917
137	120	0.502647
121	147	0.685311
172	121	0.520624
134	122	0.555784
122	143	0.572646
151	123	0.454903
188	123	0.416687
124	190	0.399657
216	125	0.505126
226	126	0.502921
132	127	0.547501
127	196	0.462639
128	185	0.493776
173	129	0.474563
129	193	0.68542
239	129	0.50581
130	220	0.425772
131	242	0.483895
245	131	0.625735
136	132	0.463005
174	133	0.540232
198	133	0.52501
143	134	0.48768
161	135	0.405767
196	136	0.400722
137	181	0.352725
137	246	0.288582
138	237	0.475706
139	151	0.535408
139	198	0.633373
162	140	0.571162
204	141	0.476522
213	142	0.457818
142	216	0.497397
145	153	0.441084
179	145	0.47075
187	145	0.466398
220	146	0.460859
223	146	0.414988
147	192	0.547141
203	148	0.700098
217	148	0.480471
224	148	0.585739
219	149	0.517644
184	150	0.503584
150	199	0.404817
152	171	0.640228
175	152	0.537605
152	225	0.484591
154	169	0.474801
179	154	0.395178
180	155	0.646159
155	243	0.432972
159	214	0.40312
160	244	0.487968
249	160	0.588665
161	195	0.294799
240	162	0.500782
163	166	0.44269
165	164	0.485712
245	165	0.500893
182	167	0.320361
167	201	0.470202
168	189	0.670876
170	231	0.632576
175	171	0.677594
171	232	0.493283
192	172	0.476957
222	172	0.528103
188	173	0.470991
173	193	0.398565
174	198	0.554859
219	176	0.544367
228	176	0.376475
176	240	0.556463
177	195	0.478064
197	178	0.560635
233	178	0.657677
179	214	0.428043
180	242	0.396427
243	180	0.397484
201	181	0.575767
181	246	0.568636
201	182	0.557081
194	183	0.519425
248	183	0.572025
199	184	0.485659
186	239	0.528511
187	214	0.309557
209	189	0.469242
230	189	0.646614
209	191	0.338808
230	191	0.508841
192	226	0.516494
193	213	0.523834
248	194	0.436152
212	197	0.324446
197	233	0.48934
200	205	0.406344
200	221	0.602878
200	229	0.486974
215	202	0.527159
217	203	0.349633
205	229	0.558876
210	206	0.526894
211	206	0.458487
206	237	0.634572
207	236	0.274359
208	234	0.424301
210	211	0.629848
247	218	0.594516
219	228	0.55599
232	225	0.358495
241	230	0.637775
242	245	0.422687
249	244	0.389642
