0	121	0.433956
141	0	0.589551
0	186	0.411982
0	219	0.501161
1	61	0.419071
173	1	0.394727
177	1	0.546109
1	185	0.389705
10	2	0.648993
2	30	0.485604
234	2	0.311617
3	130	0.555488
187	3	0.427582
3	205	0.472308
4	14	0.444852
4	57	0.405894
4	164	0.538885
5	67	0.504095
111	5	0.609318
5	115	0.527291
47	6	0.538098
53	6	0.419206
176	6	0.541805
7	67	0.554282
111	7	0.451328
201	7	0.602144
35	8	0.384806
43	8	0.461077
8	107	0.547944
242	8	0.435268
9	31	0.535633
9	98	0.548127
9	104	0.470294
30	10	0.385633
10	234	0.519901
11	14	0.368736
146	11	0.541827
11	163	0.441117
239	11	0.533086
12	28	0.581553
12	138	0.529516
12	197	0.472306
60	13	0.529171
13	166	0.610388
188	13	0.436981
102	14	0.603678
14	146	0.503755
15	99	0.569621
174	15	0.529313
15	182	0.455843
16	83	0.610883
176	16	0.566306
178	16	0.591267
17	18	0.639687
17	140	0.685866
207	17	0.380872
140	18	0.425897
207	18	0.40937
85	19	0.479187
168	19	0.635421
220	19	0.323318
20	68	0.515433
20	110	0.41257
20	179	0.546944
51	21	0.331723
21	180	0.499436
198	21	0.575015
22	112	0.406713
22	117	0.381403
22	152	0.340555
22	218	0.665109
34	23	0.506517
56	23	0.575332
23	201	0.457286
24	84	0.535835
24	89	0.461338
118	24	0.564952
24	204	0.45946
25	27	0.324326
123	25	0.434713
25	129	0.551843
158	25	0.490273
102	26	0.61005
26	144	0.508637
26	193	0.719008
76	27	0.481693
77	27	0.550319
27	119	0.646211
37	28	0.490761
28	197	0.450442
29	65	0.480852
29	69	0.479106
29	103	0.740407
29	147	0.643847
68	30	0.650345
30	234	0.629793
33	31	0.64106
31	104	0.613507
31	204	0.447849
32	56	0.551612
135	32	0.263144
216	32	0.490025
33	104	0.513304
33	151	0.426123
154	33	0.514998
34	79	0.31899
34	201	0.744691
43	35	0.556197
35	144	0.48054
223	35	0.402293
36	88	0.587857
148	36	0.53729
212	36	0.640276
124	37	0.282018
128	37	0.254818
41	38	0.518975
38	90	0.510546
102	38	0.546014
247	38	0.621181
39	87	0.597665
136	39	0.747514
180	39	0.501219
87	40	0.545372
40	89	0.478849
40	122	0.474169
41	90	0.690957
41	93	0.495535
247	41	0.61726
42	192	0.409279
215	42	0.511037
221	42	0.466223
222	42	0.629308
43	92	0.615267
131	43	0.498299
127	44	0.366049
44	153	0.525717
206	44	0.567871
44	221	0.221979
160	45	0.547923
45	200	0.490723
213	45	0.493894
46	49	0.588557
58	46	0.568306
46	73	0.465132
136	46	0.629864
53	47	0.591494
47	88	0.581569
48	55	0.456009
48	93	0.283285
48	139	0.487627
48	243	0.329357
49	97	0.324189
136	49	0.590413
183	49	0.512722
50	196	0.491
202	50	0.360366
236	50	0.358528
160	51	0.40564
198	51	0.533805
52	108	0.4933
52	120	0.357388
52	231	0.36422
116	53	0.366
70	54	0.569015
54	94	0.451838
95	54	0.603397
55	93	0.581381
139	55	0.346862
56	135	0.511243
135	57	0.4604
57	164	0.425063
73	58	0.599657
97	58	0.46497
58	116	0.47176
59	63	0.548612
66	59	0.621569
96	59	0.624627
188	60	0.527853
60	246	0.644886
61	156	0.445809
238	61	0.420076
62	86	0.362506
62	126	0.42486
130	62	0.445771
62	229	0.444326
66	63	0.589058
63	247	0.501252
64	67	0.544489
185	64	0.466894
64	228	0.605563
65	103	0.616536
65	134	0.582762
65	175	0.498615
66	199	0.539637
111	67	0.458304
68	110	0.497151
68	179	0.506934
69	134	0.555116
69	175	0.392877
70	94	0.47468
70	224	0.492153
71	113	0.488899
71	157	0.455498
71	195	0.550961
71	229	0.531228
102	72	0.541773
146	72	0.438336
72	249	0.539997
73	97	0.656272
80	74	0.470949
74	191	0.400494
203	74	0.459316
75	132	0.541556
150	75	0.60036
75	194	0.519462
77	76	0.530804
119	76	0.499523
119	77	0.559209
163	77	0.494601
78	95	0.467551
107	78	0.517361
78	151	0.511086
79	101	0.444611
79	153	0.448591
183	79	0.415135
80	191	0.505813
80	203	0.389502
106	81	0.342072
167	81	0.437757
81	172	0.429274
82	155	0.549305
184	82	0.502964
241	82	0.505887
83	176	0.412695
207	83	0.423568
118	84	0.479181
204	84	0.521505
85	168	0.63327
85	220	0.536808
167	86	0.558319
86	172	0.575247
245	86	0.611362
180	87	0.446084
212	88	0.536624
89	122	0.613576
247	90	0.486865
91	92	0.458351
232	91	0.614168
240	91	0.42514
92	223	0.47626
92	242	0.574192
93	139	0.553402
111	94	0.541936
107	95	0.500417
96	142	0.602837
96	189	0.470746
97	136	0.553968
170	98	0.573882
98	208	0.502819
162	99	0.468338
99	237	0.63862
100	149	0.505234
100	178	0.46532
224	100	0.582103
101	155	0.461109
206	101	0.654134
221	101	0.535073
103	175	0.377187
104	248	0.582466
137	105	0.279422
159	105	0.441861
162	105	0.400041
106	167	0.448445
106	202	0.453358
106	245	0.449196
120	108	0.524839
108	127	0.541125
114	109	0.322859
115	109	0.61418
246	109	0.390851
110	169	0.523953
186	110	0.43846
112	117	0.537097
218	112	0.397928
242	112	0.617857
225	113	0.499162
113	229	0.501615
114	192	0.366425
114	215	0.318196
114	239	0.504263
246	115	0.476408
116	120	0.399236
230	116	0.675784
117	218	0.570978
118	159	0.683727
121	141	0.443335
121	219	0.254597
177	122	0.483921
123	158	0.391743
123	181	0.615317
128	124	0.640635
124	197	0.68774
125	209	0.454761
125	227	0.426066
235	125	0.438389
126	130	0.525078
211	126	0.55032
230	127	0.714286
127	231	0.496108
138	128	0.345876
233	128	0.535735
129	172	0.322719
198	129	0.345082
211	130	0.454713
223	131	0.481402
131	240	0.489626
131	242	0.341097
150	132	0.399069
132	194	0.446398
143	133	0.442403
133	166	0.371408
133	211	0.471865
143	134	0.485178
175	134	0.588251
142	137	0.597084
159	137	0.517884
197	138	0.45523
207	140	0.380086
151	141	0.366496
142	189	0.653308
143	166	0.484186
144	193	0.579082
145	147	0.629178
145	230	0.520882
244	145	0.395058
249	146	0.532502
244	147	0.482314
148	210	0.510984
148	226	0.493547
233	149	0.590574
243	149	0.591075
194	150	0.585357
219	151	0.534309
152	181	0.463251
241	152	0.509071
183	153	0.478229
221	153	0.418093
208	154	0.542616
248	154	0.368431
155	184	0.572933
156	165	0.524783
238	156	0.414222
157	188	0.474188
157	210	0.680983
226	157	0.536481
189	158	0.48213
158	205	0.533966
160	200	0.529331
160	213	0.389595
171	161	0.462191
161	195	0.645999
225	161	0.314332
161	244	0.532608
237	162	0.552721
249	163	0.365113
232	164	0.468099
165	199	0.670527
165	214	0.527211
165	216	0.475006
245	167	0.435718
168	220	0.423678
186	169	0.61341
190	169	0.337847
238	169	0.263312
170	208	0.553639
170	234	0.521469
195	171	0.357688
225	171	0.259714
172	245	0.514803
173	177	0.280375
228	173	0.501982
182	174	0.611196
174	213	0.52282
177	228	0.568462
224	178	0.586129
190	179	0.417662
181	241	0.624967
196	182	0.468907
206	183	0.477236
226	184	0.40527
228	185	0.411511
186	190	0.528787
187	205	0.447949
215	187	0.500489
195	190	0.414057
203	191	0.618026
227	191	0.586316
192	217	0.699615
192	237	0.60543
212	193	0.54195
202	196	0.44278
196	236	0.592968
199	214	0.606505
199	216	0.409431
200	213	0.460411
236	202	0.236123
227	209	0.625868
209	235	0.492762
226	210	0.40105
216	214	0.549758
215	217	0.423369
217	222	0.591607
220	248	0.524478
222	239	0.563719
235	227	0.453188
230	231	0.386254
240	232	0.581694
243	233	0.497353
