0	10	0.614772
112	0	0.567558
0	179	0.694396
1	50	0.409185
1	147	0.647775
213	1	0.626904
76	2	0.418492
2	81	0.430377
134	2	0.426122
3	41	0.480587
49	3	0.572209
3	122	0.57058
170	3	0.376146
4	15	0.440206
4	54	0.551884
4	192	0.463162
5	35	0.270143
5	77	0.522899
183	5	0.412611
6	27	0.514027
64	6	0.463527
161	6	0.473357
222	6	0.470253
7	25	0.528192
84	7	0.520607
115	7	0.461346
140	7	0.593743
59	8	0.60079
8	97	0.545328
117	8	0.476377
8	131	0.543892
9	13	0.615834
9	26	0.438858
60	9	0.554579
10	23	0.604192
10	112	0.480846
198	10	0.417662
11	47	0.55431
53	11	0.535697
11	235	0.34597
12	147	0.32453
12	198	0.534236
245	12	0.456695
13	60	0.606958
108	13	0.385178
35	14	0.702966
14	62	0.290371
14	126	0.479304
54	15	0.56069
15	192	0.702714
16	69	0.531553
138	16	0.408172
158	16	0.481225
17	37	0.564842
17	187	0.561658
224	17	0.509645
110	18	0.545181
202	18	0.413677
226	18	0.628559
181	19	0.456861
225	19	0.286518
19	244	0.415128
20	42	0.421444
20	107	0.29848
131	20	0.574204
20	207	0.335402
32	21	0.529062
21	59	0.439551
21	113	0.568814
21	116	0.53406
22	52	0.609148
57	22	0.53377
158	22	0.475649
22	200	0.524459
23	112	0.501352
23	124	0.575511
86	24	0.558759
24	137	0.652626
24	176	0.584124
115	25	0.564533
25	140	0.366241
58	26	0.302344
155	26	0.507343
27	64	0.428743
27	161	0.54331
222	27	0.612422
78	28	0.536292
28	137	0.415749
165	28	0.449833
28	195	0.366763
29	61	0.610409
29	92	0.300138
29	182	0.331462
29	229	0.406509
139	30	0.539934
30	180	0.577151
188	30	0.575027
31	171	0.546256
31	199	0.483124
31	237	0.532687
51	32	0.512805
85	32	0.423528
33	42	0.365962
33	127	0.629702
169	33	0.632665
34	109	0.643134
34	149	0.524517
227	34	0.423218
35	62	0.504432
41	36	0.584523
36	93	0.542237
118	36	0.402072
44	37	0.504146
224	37	0.470571
166	38	0.340894
217	38	0.271448
38	244	0.437178
144	39	0.606512
154	39	0.570192
39	201	0.472116
249	39	0.464898
126	40	0.540729
144	40	0.559482
40	175	0.523942
41	93	0.414861
41	118	0.398367
42	102	0.575523
163	43	0.63295
43	166	0.64957
194	43	0.414141
56	44	0.585682
119	44	0.519455
44	202	0.313973
65	45	0.490242
75	45	0.487875
45	111	0.493074
219	45	0.49636
46	89	0.493714
96	46	0.56635
46	129	0.44227
53	47	0.451588
47	191	0.652608
101	48	0.404479
48	187	0.450195
221	48	0.462746
122	49	0.595689
49	170	0.558264
49	209	0.638955
50	147	0.607386
50	213	0.391362
51	85	0.503667
51	125	0.428521
57	52	0.527491
200	52	0.561041
53	188	0.536256
57	54	0.524138
192	54	0.546159
184	55	0.432881
193	55	0.538654
55	196	0.555307
56	119	0.545673
56	214	0.386828
233	56	0.419843
200	57	0.55685
58	90	0.521245
155	58	0.629085
59	113	0.511248
116	59	0.238251
60	67	0.583709
92	61	0.670234
61	229	0.540072
156	62	0.529084
77	63	0.618883
63	84	0.669593
63	209	0.478609
161	64	0.492807
222	64	0.376769
156	65	0.585467
65	175	0.328614
65	178	0.379368
128	66	0.44392
66	145	0.427587
66	223	0.566524
102	67	0.541614
67	236	0.666619
74	68	0.545652
68	159	0.697042
68	228	0.450674
248	68	0.552447
69	160	0.578395
69	184	0.374934
69	190	0.533445
70	83	0.403519
70	152	0.601713
157	70	0.751878
70	203	0.448083
71	146	0.605704
71	154	0.563605
71	162	0.53363
71	215	0.425478
72	124	0.531769
72	155	0.266663
72	239	0.392537
73	227	0.57626
73	235	0.381097
242	73	0.337241
228	74	0.335446
74	248	0.470272
75	111	0.554083
219	75	0.48028
76	81	0.571677
134	76	0.56992
77	183	0.524598
195	78	0.463163
78	236	0.476496
80	79	0.333811
98	79	0.45371
174	79	0.343295
230	79	0.549004
80	98	0.387081
108	80	0.431965
80	230	0.381737
81	134	0.555711
82	127	0.532672
141	82	0.478287
82	151	0.444208
83	220	0.356977
246	83	0.560552
209	84	0.745517
85	151	0.480943
86	92	0.577099
137	86	0.615418
176	86	0.396759
87	94	0.480889
136	87	0.441862
180	87	0.669082
128	88	0.475978
88	130	0.383576
88	213	0.549587
96	89	0.591912
89	129	0.334472
135	90	0.348419
173	90	0.425737
186	90	0.509743
91	122	0.415373
143	91	0.444185
91	247	0.537804
229	92	0.524428
118	93	0.451126
93	248	0.554173
94	136	0.400151
94	230	0.301068
114	95	0.504794
123	95	0.434641
95	170	0.402813
96	129	0.471523
96	217	0.636699
117	97	0.699181
97	131	0.610268
207	97	0.520896
98	172	0.483626
98	230	0.485503
99	146	0.484844
150	99	0.559772
99	177	0.421099
215	99	0.621375
106	100	0.42979
100	152	0.450771
100	233	0.39989
167	101	0.606853
204	101	0.597395
240	101	0.504089
102	236	0.473785
103	133	0.383319
103	134	0.443989
211	103	0.637578
104	105	0.439636
216	104	0.504727
234	104	0.456685
238	104	0.51444
105	206	0.489945
234	105	0.669085
106	114	0.451141
152	106	0.606427
233	106	0.577916
117	107	0.582983
107	131	0.599695
108	153	0.592288
108	205	0.578291
109	235	0.274318
242	109	0.414089
110	202	0.449961
226	110	0.473979
111	219	0.672513
111	224	0.412912
113	116	0.340483
113	153	0.4825
123	114	0.522559
115	140	0.554198
117	207	0.664584
247	118	0.542679
119	214	0.599411
120	172	0.372506
120	199	0.721769
212	120	0.46122
121	168	0.574931
189	121	0.349613
243	121	0.368244
122	170	0.462284
171	123	0.466947
239	124	0.529562
125	132	0.573613
164	125	0.425453
144	126	0.468861
169	127	0.418969
128	130	0.674073
129	138	0.383047
205	130	0.529767
132	164	0.503456
229	132	0.504257
133	195	0.573804
133	211	0.312619
173	135	0.552889
186	135	0.402573
214	136	0.591729
176	137	0.462615
158	138	0.503751
180	139	0.276381
239	139	0.525217
141	151	0.652716
141	157	0.72633
142	183	0.410812
142	210	0.556425
142	218	0.517563
220	143	0.514479
247	143	0.559077
193	145	0.492629
145	223	0.433583
146	150	0.456009
232	146	0.506202
213	147	0.441488
206	148	0.499258
216	148	0.598922
148	234	0.514698
238	148	0.41054
211	149	0.502313
227	149	0.472138
162	150	0.420139
232	150	0.430211
152	233	0.290438
153	177	0.69238
205	153	0.624099
154	201	0.414572
154	249	0.567355
175	156	0.572335
178	156	0.510192
157	203	0.365378
157	208	0.407104
159	174	0.448441
179	159	0.593367
160	184	0.414062
190	160	0.53338
161	222	0.457816
207	162	0.50332
232	162	0.588358
166	163	0.457112
163	181	0.40934
163	194	0.554864
164	210	0.491699
192	165	0.486364
165	195	0.517234
194	166	0.550069
197	167	0.672039
240	167	0.576021
167	241	0.547196
168	189	0.534648
243	168	0.401533
245	169	0.539281
171	191	0.659265
171	237	0.433001
199	172	0.47981
212	172	0.585951
173	186	0.518212
174	179	0.521718
178	175	0.448641
205	177	0.667818
180	188	0.653995
225	181	0.39247
185	182	0.571923
231	182	0.707362
190	184	0.503648
185	231	0.448703
185	249	0.413485
221	187	0.585959
243	189	0.254683
237	191	0.64977
196	193	0.483812
194	225	0.533063
196	218	0.514399
204	197	0.579624
240	197	0.487922
197	241	0.580768
198	245	0.455899
199	212	0.653378
201	249	0.522475
208	203	0.642743
241	204	0.557009
206	216	0.534088
238	206	0.648583
221	208	0.47031
210	218	0.598427
215	232	0.467548
217	244	0.424729
220	246	0.568808
231	223	0.281826
226	246	0.561714
248	228	0.718931
238	234	0.403169
235	242	0.494478
241	240	0.410352
