0	34	0.68
206	0	0.93
1	172	0.82
1	182	0.46
2	4	0.22
29	2	0.61
67	3	0.26
3	168	0.70
29	4	0.67
4	48	0.10
46	5	0.31
5	133	0.26
220	5	0.41
6	226	0.55
6	238	0.41
6	240	0.13
7	154	0.03
7	161	0.99
238	8	0.01
8	240	0.46
73	9	0.75
129	9	0.07
65	10	0.10
10	181	0.88
91	11	0.54
124	11	0.01
96	12	0.72
108	12	0.72
13	110	0.63
234	13	0.02
14	150	0.93
14	190	0.30
15	35	0.16
195	15	0.98
16	28	0.05
16	175	0.52
57	17	0.16
17	178	0.70
152	18	0.88
18	201	0.59
19	66	0.88
19	121	0.02
70	20	0.49
20	198	0.62
169	21	0.43
218	21	0.43
22	182	0.55
22	197	0.73
67	23	0.54
23	168	0.60
23	227	0.59
113	24	0.39
200	24	0.02
24	231	0.33
25	126	0.71
145	25	0.65
141	26	0.05
215	26	0.93
72	27	0.71
103	27	0.37
120	27	0.37
28	69	0.17
29	48	0.08
30	159	0.58
230	30	0.86
31	170	0.84
205	31	0.20
31	233	0.97
32	89	0.32
32	189	0.27
33	71	0.51
74	33	0.71
206	34	0.39
35	195	0.22
35	228	0.44
36	85	0.59
141	36	0.01
36	215	0.27
37	54	0.56
184	37	0.51
38	170	0.55
205	38	0.19
52	39	0.58
39	174	0.98
40	55	0.61
95	40	0.05
63	41	0.81
41	222	0.73
144	42	0.30
42	173	0.44
42	241	0.37
43	162	0.54
43	193	0.01
44	59	0.18
210	44	0.03
44	242	0.25
126	45	0.08
45	152	0.57
45	199	0.07
46	99	0.78
123	47	0.86
127	47	0.55
49	109	0.81
49	180	0.42
176	50	0.21
50	226	0.13
51	86	0.33
129	51	0.57
52	84	0.44
92	53	0.03
53	164	0.40
177	54	0.44
184	54	0.69
172	55	0.62
162	56	0.64
201	56	0.80
57	117	0.04
143	57	0.20
146	58	0.66
58	224	0.50
242	59	0.50
83	60	0.90
211	60	0.89
60	230	0.85
61	130	0.81
61	223	0.93
62	135	0.98
148	62	0.59
63	222	0.27
86	64	0.52
222	64	0.81
181	65	1.00
66	121	0.09
150	66	0.36
227	67	0.21
68	142	0.33
248	68	0.29
69	80	0.66
179	69	0.74
70	198	0.80
207	70	0.81
71	74	0.44
149	71	0.28
72	120	0.76
234	73	0.79
203	75	0.47
75	232	0.45
76	109	0.85
76	180	0.92
77	93	0.58
77	163	0.24
78	228	0.19
244	78	0.21
124	79	0.61
79	174	0.54
187	79	0.44
229	80	0.17
90	81	0.76
216	81	0.23
82	87	0.88
82	169	0.22
83	211	0.15
166	84	0.51
174	84	0.37
85	215	0.26
239	87	0.42
88	102	0.35
178	88	0.23
88	194	0.61
183	89	0.44
90	116	0.88
216	90	0.76
224	91	0.22
92	131	0.69
93	163	0.01
107	94	0.65
119	94	0.76
138	95	0.47
96	108	0.91
97	100	0.10
231	97	0.34
98	185	0.26
98	249	0.67
189	99	0.67
100	125	0.66
229	101	0.78
101	242	0.37
102	194	0.47
115	103	0.59
103	202	0.99
104	118	0.50
104	165	0.84
104	167	0.84
105	114	0.73
132	105	0.83
106	160	0.93
106	219	0.28
107	212	0.32
110	234	0.13
111	192	0.03
111	208	0.76
112	213	0.36
112	225	0.62
112	245	0.06
113	200	0.82
132	114	0.66
204	114	0.20
115	145	0.59
115	202	0.67
214	116	0.20
117	143	0.62
165	118	0.93
118	167	0.79
138	119	0.67
119	158	0.72
147	122	0.24
149	122	0.15
127	123	0.69
147	123	0.93
124	187	0.47
231	125	0.45
127	197	0.63
128	136	0.33
128	140	0.18
157	128	0.66
130	156	0.67
130	221	0.12
164	131	0.10
220	133	0.87
134	171	0.09
134	193	0.20
247	135	0.94
157	136	0.79
136	190	0.45
140	137	0.88
157	137	0.37
158	138	0.46
139	153	0.48
139	171	0.85
248	142	0.01
143	155	0.20
173	144	0.55
241	144	0.82
186	145	0.61
146	246	0.12
192	148	0.50
148	208	0.91
199	149	0.30
212	151	0.43
151	237	0.79
152	199	0.92
153	171	0.93
161	154	0.85
191	155	0.82
156	221	0.53
159	191	0.85
160	219	0.05
167	166	0.64
168	196	0.50
218	169	0.69
170	233	0.31
175	217	0.57
175	235	0.47
226	176	0.91
177	184	0.88
229	179	0.51
189	183	0.39
183	239	0.33
185	214	0.33
202	186	0.47
209	188	0.69
244	188	0.34
192	208	0.67
196	213	0.22
198	207	0.52
236	203	0.06
204	228	0.16
249	209	0.32
243	210	0.20
247	210	0.03
217	235	0.11
237	219	0.98
223	237	0.74
245	225	0.06
236	232	0.72
246	240	0.16
243	247	0.59
