0	45	0.86
223	0	0.94
1	12	0.71
1	38	0.02
2	36	0.82
46	2	0.11
21	3	0.15
3	168	0.48
119	4	0.92
4	121	0.23
42	5	0.65
5	235	0.38
98	6	0.47
6	117	0.33
7	128	0.87
7	145	0.14
7	238	0.54
8	141	0.30
197	8	0.02
9	61	0.47
88	9	0.56
168	9	0.68
105	10	0.25
10	191	0.21
37	11	0.46
230	11	0.98
38	12	0.19
76	13	0.89
13	111	0.26
116	14	0.61
14	142	0.26
14	169	0.88
15	126	0.73
151	15	0.63
16	207	0.19
16	213	0.48
248	16	0.47
17	150	0.35
181	17	0.43
18	91	0.55
18	159	0.78
19	36	0.57
175	19	0.39
20	180	0.59
195	20	0.93
37	21	0.52
22	137	0.05
22	243	0.42
98	23	0.64
23	212	0.26
24	40	0.28
108	24	0.94
217	24	0.95
25	27	0.61
25	90	0.96
184	25	0.66
33	26	0.63
209	26	0.16
90	27	0.28
97	28	0.47
155	28	0.03
29	75	0.37
29	125	0.80
30	118	0.27
124	30	0.69
31	146	0.67
216	31	0.21
31	222	0.13
32	137	0.68
32	147	0.48
33	148	0.51
199	34	0.07
203	34	0.57
34	226	0.92
35	95	0.15
35	162	0.20
173	35	0.66
37	230	0.25
39	152	0.23
247	39	0.83
40	82	0.60
80	41	0.47
229	41	0.24
42	227	0.73
43	79	0.97
104	43	0.13
202	44	0.34
44	239	0.24
223	45	0.55
46	80	0.38
46	147	0.61
47	183	0.64
47	243	0.19
48	134	0.87
187	48	0.75
49	63	0.76
221	49	0.19
50	52	0.69
50	172	0.94
50	194	0.43
99	51	0.07
171	51	0.18
51	226	0.51
52	172	0.56
194	52	0.49
53	73	0.03
53	87	0.68
157	53	0.23
54	115	0.67
120	54	0.45
55	136	0.74
148	55	0.46
78	56	0.02
85	56	0.84
82	57	0.82
123	57	0.78
58	171	0.79
210	58	0.32
67	59	0.14
59	118	0.38
95	60	0.53
208	60	0.08
88	61	0.88
62	66	0.51
62	72	0.78
62	153	0.12
63	221	0.54
178	64	0.68
64	229	0.96
124	65	0.40
156	65	0.34
198	65	0.69
66	72	0.69
153	66	0.01
127	67	0.56
68	154	0.61
167	68	0.51
69	190	0.79
228	69	0.98
70	138	1.00
185	70	0.99
70	211	0.38
82	71	0.52
71	123	0.68
87	73	0.63
233	73	0.48
74	128	0.47
74	178	0.50
75	117	0.60
75	220	0.36
76	111	0.42
77	117	0.50
151	77	0.35
85	78	0.85
79	244	0.44
94	81	0.77
174	81	0.24
97	83	0.63
106	83	0.25
84	165	0.21
84	186	0.06
84	209	0.90
164	86	0.79
227	86	0.77
86	232	0.90
168	88	0.32
89	110	0.44
112	89	0.87
89	245	0.89
159	91	0.20
91	242	0.17
101	92	0.59
170	92	0.09
92	192	0.68
93	96	0.35
202	93	0.61
174	94	0.46
191	94	0.92
95	173	0.65
96	245	0.06
106	97	0.40
99	171	0.99
99	210	0.20
178	100	0.23
100	229	0.36
233	101	0.40
102	133	0.39
102	220	0.93
184	103	0.70
103	234	0.90
103	241	0.88
104	244	0.54
105	191	0.20
107	156	0.11
198	107	0.44
108	217	0.40
108	249	0.15
109	190	0.23
109	219	0.15
109	224	0.01
110	112	0.64
113	162	0.06
113	224	0.09
114	196	0.38
114	204	0.83
120	115	0.61
163	116	0.38
116	214	0.86
118	127	0.82
121	119	0.89
119	210	0.54
226	120	0.55
122	133	0.80
136	122	0.01
124	206	0.60
144	125	0.85
189	125	0.74
199	126	0.32
216	127	0.66
129	157	0.02
236	129	0.74
130	196	0.20
130	204	0.06
131	166	0.06
246	131	0.17
132	158	0.88
132	215	0.53
187	134	0.91
231	135	0.20
135	247	0.09
137	160	0.99
185	138	0.28
211	138	0.66
139	179	0.26
237	139	0.27
164	140	0.72
175	140	0.52
141	197	0.63
142	186	0.99
165	143	0.15
143	244	0.41
189	144	0.60
238	145	0.77
177	146	0.14
149	181	0.04
188	149	0.14
149	239	0.40
195	150	0.44
200	152	0.45
153	228	0.71
154	167	0.62
155	215	0.44
215	158	0.16
242	159	0.80
160	161	0.01
161	193	0.36
163	169	0.72
175	164	0.18
166	246	0.84
214	169	0.43
170	192	0.79
170	237	0.65
176	207	0.78
213	176	0.95
176	248	0.17
222	177	0.46
237	179	0.72
179	240	0.24
180	195	0.67
201	182	0.84
231	182	0.02
205	183	0.04
184	241	0.84
187	200	0.38
188	239	0.67
206	193	0.89
199	203	0.09
211	201	0.14
218	205	0.23
248	207	0.07
208	235	0.97
236	212	0.40
217	249	0.87
225	218	0.55
224	219	0.30
240	225	0.26
227	232	0.80
234	241	0.63
