0	8	0.88
104	0	0.99
1	97	0.37
1	224	0.88
2	66	0.22
89	2	0.08
109	2	0.64
3	82	0.51
223	3	0.80
4	127	0.65
129	4	0.02
4	170	0.06
24	5	0.03
5	35	0.33
5	215	0.15
6	52	0.35
6	154	0.26
7	18	0.96
185	7	0.20
8	48	0.46
145	9	0.01
245	9	0.05
126	10	0.20
10	208	0.70
33	11	0.35
182	11	0.65
23	12	0.39
133	12	0.20
13	51	0.17
177	13	0.01
13	197	0.06
14	41	0.63
14	249	0.65
151	15	0.86
15	168	0.17
16	164	0.02
175	16	0.57
17	29	0.84
185	17	0.86
17	246	0.73
18	240	0.87
19	43	0.08
149	19	0.48
19	222	0.90
45	20	0.31
218	20	0.99
21	150	0.03
21	192	0.13
115	22	0.49
22	213	0.10
23	75	0.94
58	24	0.67
181	24	0.11
25	80	0.43
25	140	0.68
114	26	0.63
141	26	0.45
53	27	0.50
99	27	0.68
162	27	0.96
39	28	0.65
28	148	0.96
29	117	0.17
29	176	0.17
186	30	0.20
30	225	0.52
106	31	0.67
31	143	0.57
32	90	0.63
32	161	0.63
32	180	0.90
182	33	0.14
243	33	0.65
34	110	0.06
34	157	0.16
35	220	0.54
109	36	0.83
36	234	0.67
37	131	0.74
140	37	0.93
37	211	0.62
82	38	0.37
135	38	0.26
39	148	0.25
40	49	0.01
139	40	0.75
229	40	0.25
41	231	0.73
47	42	0.14
42	78	0.56
43	222	0.79
44	125	0.01
44	232	0.36
45	182	0.77
218	45	0.35
46	188	0.77
203	46	0.67
47	216	0.86
48	144	0.85
49	229	0.40
118	50	0.39
147	50	0.72
50	213	0.82
51	197	0.46
230	52	0.26
53	79	0.17
54	183	0.84
228	54	0.88
54	235	0.73
65	55	0.73
55	241	0.57
136	56	0.20
219	56	0.72
59	57	0.84
140	57	0.91
142	58	0.65
58	184	0.36
80	59	0.07
86	60	0.42
60	169	0.77
109	61	0.29
230	61	0.15
234	61	0.18
62	89	0.78
62	130	0.12
62	173	0.04
63	98	0.56
227	63	0.92
64	123	0.01
166	64	0.03
241	65	0.82
205	66	0.68
67	132	0.05
195	67	0.15
94	68	0.80
68	209	0.78
163	69	0.43
69	170	0.83
160	70	0.72
70	172	0.66
105	71	0.73
71	111	0.67
155	71	0.58
72	77	0.44
159	72	0.74
85	73	0.06
73	174	0.29
73	191	0.46
74	76	0.24
74	118	0.94
75	133	0.04
76	118	0.06
159	77	0.18
171	77	0.19
78	238	0.75
119	79	0.61
87	81	0.01
111	81	0.18
178	83	0.85
83	212	0.04
83	226	0.68
84	179	0.98
190	84	0.85
112	85	0.15
85	196	0.59
169	86	0.38
87	147	0.09
244	88	0.89
88	246	0.90
92	89	0.34
90	165	0.63
201	91	0.11
247	91	0.86
92	95	0.49
92	239	0.55
146	93	0.51
205	93	0.03
103	94	0.79
94	209	0.14
95	239	1.00
158	96	0.07
96	191	0.03
97	102	0.65
189	97	0.94
98	200	0.91
107	99	0.60
100	105	0.83
100	120	0.08
110	101	0.30
101	174	0.95
102	122	0.11
102	231	0.58
103	180	0.47
104	113	0.48
143	106	0.40
106	152	0.20
107	121	0.65
107	162	0.95
108	194	0.30
108	226	0.11
112	134	0.21
112	196	0.49
113	181	0.67
114	141	0.54
115	167	0.77
186	116	0.45
243	116	0.05
117	176	0.85
117	187	0.22
121	119	0.86
120	155	0.71
216	120	0.42
121	233	0.03
189	122	0.32
123	124	0.15
166	123	0.78
128	124	0.22
212	125	0.92
232	125	0.31
126	208	0.66
156	127	0.59
127	227	0.21
128	166	0.86
129	161	0.76
180	129	0.23
130	173	0.29
130	202	0.32
211	131	0.90
195	132	0.95
134	141	0.95
135	223	0.93
219	136	0.30
193	137	0.06
137	195	0.47
207	138	0.31
224	138	0.52
162	139	0.38
139	229	0.72
142	145	0.47
245	142	0.20
143	210	0.93
163	144	0.79
184	145	0.71
205	146	0.10
148	210	0.23
222	149	0.36
150	219	0.31
165	151	0.26
168	151	0.65
152	170	0.09
153	199	0.63
153	206	0.78
204	154	0.69
227	156	0.91
157	177	0.91
158	233	0.72
158	241	0.88
171	159	0.16
160	172	0.23
167	161	0.44
164	175	0.95
173	202	0.20
174	196	0.23
187	176	0.60
177	225	0.01
194	178	0.98
190	179	0.21
183	235	0.90
183	237	0.69
240	185	0.53
198	188	0.30
203	188	0.77
192	238	0.94
193	207	0.53
198	214	0.16
248	198	0.95
199	206	0.35
244	200	0.93
242	201	0.11
247	201	0.69
203	214	0.74
249	204	0.77
215	220	0.76
221	217	0.72
236	217	0.04
236	221	0.24
224	232	0.89
228	237	0.95
233	248	0.37
235	237	0.80
247	242	0.83
