0	73	0.95
130	0	0.22
0	153	0.29
1	115	0.14
1	158	0.02
77	2	0.13
174	2	0.97
3	182	0.37
211	3	0.99
4	24	0.02
189	4	0.61
5	48	0.56
92	5	0.46
6	95	0.81
6	189	0.66
6	225	0.09
7	50	0.53
7	126	0.22
171	8	0.64
8	191	0.14
28	9	0.64
41	9	0.21
72	10	0.80
10	150	0.17
26	11	0.07
198	11	0.59
212	11	0.33
20	12	0.19
12	233	0.29
64	13	0.14
13	229	0.01
14	82	0.25
14	210	0.68
52	15	0.28
15	219	0.59
16	29	0.76
131	16	0.33
16	227	0.53
117	17	0.29
17	205	0.82
18	67	0.12
18	81	0.23
197	19	0.82
19	223	0.73
76	20	0.65
233	20	0.62
21	159	0.67
21	163	0.12
169	21	0.24
22	93	0.84
22	213	0.14
234	22	0.13
54	23	1.00
23	78	0.99
24	154	0.01
34	25	0.69
128	25	0.23
180	26	0.45
212	26	0.41
59	27	0.63
94	27	0.76
27	98	0.14
28	114	0.70
29	83	0.55
65	30	0.60
30	121	0.67
139	30	0.62
31	116	0.05
31	218	0.46
32	51	0.28
32	239	0.72
102	33	0.13
174	33	0.06
34	128	0.31
35	44	0.18
35	133	0.57
55	36	0.12
36	127	0.36
37	120	0.42
192	37	0.55
38	195	0.50
207	38	0.76
190	39	0.93
39	202	0.39
40	77	0.83
136	40	0.51
166	41	0.87
42	64	0.65
100	42	0.40
43	106	0.53
43	231	0.73
44	58	0.25
44	208	0.10
45	124	0.14
221	45	0.86
46	149	0.71
177	46	0.61
46	228	0.03
47	99	0.10
47	118	0.24
220	47	0.22
92	48	0.43
49	103	0.50
49	221	0.63
176	50	0.71
51	59	0.45
52	55	0.61
145	52	0.15
53	84	0.81
85	53	0.91
54	78	0.02
60	56	0.70
248	56	0.46
69	57	0.61
157	57	0.82
200	57	0.36
58	70	0.65
215	58	0.16
132	60	0.08
60	220	0.25
236	61	0.27
238	61	0.61
152	62	0.41
62	194	0.86
63	164	0.34
63	224	0.55
63	243	0.24
100	64	0.10
65	139	0.47
86	66	0.95
183	66	0.78
81	67	0.71
68	134	0.29
146	68	0.59
157	69	0.18
70	187	0.81
80	71	0.15
71	218	0.66
150	72	0.41
73	153	0.51
88	74	0.14
74	176	0.05
105	75	0.76
75	231	0.19
193	76	0.84
238	76	0.38
79	148	0.27
79	168	0.66
80	136	0.72
82	108	0.61
82	210	0.43
83	180	0.38
85	84	0.58
183	86	0.62
86	245	0.75
117	87	0.70
205	87	0.61
176	88	0.10
229	88	0.07
89	109	0.79
89	246	0.20
90	112	0.54
181	90	0.72
186	90	0.51
91	149	0.06
194	91	0.28
93	184	0.18
234	93	0.37
94	98	0.12
140	94	0.62
95	114	0.11
122	96	0.17
226	96	0.52
97	199	0.29
97	237	0.73
140	98	0.82
118	99	0.13
168	101	0.48
101	227	0.69
102	151	0.22
116	103	0.81
104	117	0.93
104	172	0.77
107	105	0.24
106	242	0.56
120	107	0.49
108	210	0.81
109	119	0.43
142	110	0.62
110	144	0.93
110	185	0.93
111	200	0.64
111	242	0.49
112	186	0.33
214	112	0.41
113	144	0.01
113	182	0.01
114	225	0.27
115	130	0.72
115	226	0.04
116	141	0.69
118	220	0.39
119	190	0.77
119	207	0.36
121	139	0.98
206	121	0.68
241	122	0.05
123	177	0.34
123	228	0.29
178	124	0.84
124	232	0.80
128	125	0.81
125	155	0.40
244	126	0.65
126	249	0.29
145	127	0.97
137	129	0.39
203	129	0.51
226	130	0.91
131	227	0.28
248	132	0.12
133	193	0.98
133	222	0.04
134	146	0.86
201	134	0.47
135	162	0.08
135	240	0.54
203	137	0.90
188	138	0.29
138	202	0.48
141	201	0.46
185	142	0.56
224	143	0.90
143	239	0.21
185	144	0.46
211	146	0.60
163	147	0.88
147	167	0.26
148	151	0.82
236	148	0.03
152	194	0.42
189	154	0.22
216	155	0.49
175	156	0.75
156	247	0.94
166	158	0.12
159	169	0.16
204	160	0.21
214	160	0.44
161	167	0.13
161	219	0.47
161	235	0.07
222	162	0.99
240	162	0.93
164	243	0.22
165	209	0.76
165	246	0.82
235	167	0.31
169	195	0.28
173	170	0.12
170	179	0.59
171	191	0.69
172	204	0.48
216	172	0.80
173	179	0.91
247	175	0.59
196	177	0.33
178	232	0.70
181	186	0.88
211	182	0.46
213	184	0.15
215	187	0.19
188	208	0.01
188	217	0.39
192	197	0.30
233	193	0.42
195	207	0.37
228	196	0.73
208	198	0.67
212	198	0.51
199	237	0.53
217	202	0.54
206	244	0.20
249	206	0.06
246	209	0.62
234	213	0.90
223	245	0.01
224	243	0.50
229	241	0.20
230	232	0.80
245	230	0.06
244	249	0.91
