0	42	0.85
146	0	0.16
1	108	0.31
1	124	0.26
2	76	0.02
104	2	0.76
137	2	0.79
3	38	0.87
121	3	0.99
4	210	0.58
212	4	0.29
5	169	0.47
230	5	0.22
6	54	0.79
6	226	0.26
7	10	0.59
7	111	0.53
8	74	0.94
127	8	0.73
9	86	0.06
120	9	0.12
156	10	0.97
229	10	0.33
11	95	0.46
188	11	0.90
206	12	0.97
222	12	0.98
168	13	0.41
13	183	0.16
195	13	0.81
14	35	0.60
14	48	0.68
14	136	0.55
44	15	0.01
15	227	0.82
16	152	0.59
220	16	0.07
16	224	0.68
25	17	0.62
17	176	0.56
18	32	0.80
18	108	0.90
145	19	0.96
19	248	0.38
35	20	0.75
75	20	0.99
21	26	0.05
21	73	0.80
173	21	0.09
22	59	0.45
22	102	0.62
110	22	0.89
26	23	0.92
23	230	0.62
24	184	0.90
191	24	0.89
176	25	0.38
139	26	0.99
45	27	0.11
178	27	0.80
213	27	0.52
28	41	0.76
28	186	0.79
29	140	0.13
153	29	0.20
30	36	0.37
39	30	0.66
30	123	0.98
31	129	0.77
31	163	0.50
32	115	0.29
77	33	0.85
241	33	0.25
34	86	0.37
34	196	0.62
35	213	0.56
123	36	0.92
36	195	0.29
37	49	0.33
107	37	0.68
38	121	0.93
123	39	0.98
185	40	0.70
40	193	0.73
40	239	0.99
106	41	0.30
186	41	0.17
42	57	0.42
100	43	0.25
43	174	0.32
44	68	0.76
45	178	0.28
46	188	0.18
46	238	0.57
55	47	0.81
47	67	0.05
235	47	0.84
48	136	0.76
49	107	0.85
50	206	0.58
222	50	0.50
56	51	0.86
51	142	0.40
51	161	0.53
170	52	0.04
52	180	0.82
53	128	0.58
200	53	0.25
53	218	0.31
226	54	0.59
55	67	0.74
235	55	0.44
142	56	0.01
88	57	0.14
115	57	0.65
194	58	0.54
58	203	0.95
102	59	0.29
110	59	0.33
60	146	0.36
174	60	0.80
197	60	0.75
98	61	0.69
61	160	0.22
61	214	0.95
62	94	0.12
62	167	0.47
144	63	0.85
63	233	0.33
144	64	0.11
165	64	0.11
134	65	0.16
65	232	0.89
71	66	0.77
116	66	0.42
66	183	0.12
242	67	0.68
68	119	0.56
94	69	0.56
69	98	0.28
198	69	0.96
70	138	0.04
187	70	0.76
70	196	0.69
116	71	0.74
117	71	0.42
72	80	0.46
72	131	0.63
73	165	0.08
74	127	0.65
75	213	0.11
76	157	0.17
242	76	0.44
185	77	0.54
78	91	1.00
124	78	0.61
233	79	0.75
248	79	0.97
237	80	0.17
81	84	0.68
81	177	0.98
81	225	0.86
131	82	0.01
159	82	0.65
82	171	0.60
92	83	0.93
83	247	0.49
225	84	0.22
85	158	0.04
238	85	0.34
86	120	0.02
179	87	0.80
221	87	0.53
88	115	0.87
89	130	0.17
246	89	0.56
133	90	0.11
141	90	0.67
90	245	0.51
91	124	0.41
247	92	0.15
93	114	0.90
93	166	0.12
202	93	0.26
94	198	0.87
100	95	0.23
96	145	0.87
96	249	0.27
177	97	0.33
97	240	0.49
98	160	0.09
99	132	0.87
99	182	0.25
99	237	0.44
209	101	0.56
101	216	0.94
103	132	0.90
103	182	0.56
104	137	0.35
104	157	0.01
105	151	0.86
105	208	0.43
106	109	0.80
109	192	0.40
111	207	0.64
164	112	0.80
234	112	0.84
113	181	0.98
113	215	0.44
207	114	0.14
117	176	0.06
171	118	0.44
118	219	0.21
125	119	0.44
120	180	0.18
167	122	0.41
217	122	0.82
205	125	0.84
143	126	0.04
126	221	0.59
200	128	0.08
129	163	0.22
130	217	0.39
130	236	0.53
159	131	0.58
132	237	0.05
133	189	0.09
245	133	0.95
232	134	0.32
135	161	0.33
135	211	1.00
187	138	0.42
173	139	0.55
140	149	0.13
189	141	0.79
246	143	0.44
243	145	0.76
146	174	0.62
147	149	0.18
228	147	0.44
148	150	0.87
154	148	0.56
154	150	0.57
208	151	0.38
152	220	0.35
192	153	0.87
155	170	0.29
175	155	0.70
229	156	0.67
158	171	0.05
160	214	0.84
161	225	0.79
166	162	0.49
202	162	0.45
164	234	0.49
166	202	0.22
168	183	0.05
209	169	0.60
170	175	0.26
223	172	0.91
172	231	0.24
175	180	0.57
177	199	0.97
184	179	0.94
181	215	0.33
241	185	0.27
194	190	0.23
190	203	0.47
191	244	0.31
201	193	0.13
224	193	0.01
211	197	0.98
197	227	0.15
199	240	0.18
200	218	0.25
224	201	0.92
203	228	0.60
219	204	0.67
244	204	0.49
230	205	0.86
206	222	0.75
216	209	0.12
210	212	0.29
239	217	0.52
231	223	0.60
239	236	1.00
243	249	0.17
