0	128	0.10
191	0	0.86
1	75	0.72
1	242	0.74
2	49	0.97
88	2	0.95
106	2	0.62
3	25	0.67
30	3	0.21
4	58	0.70
213	4	0.34
5	55	0.27
75	5	0.53
6	82	0.31
6	99	0.54
7	102	0.77
7	127	0.62
8	125	0.60
245	8	0.26
9	186	0.87
200	9	0.52
85	10	0.37
205	10	0.79
10	218	0.85
107	11	0.79
219	11	0.56
113	12	0.69
206	12	0.47
13	118	0.05
159	13	0.38
14	20	0.18
14	97	0.97
14	214	0.31
133	15	0.04
15	247	0.74
16	86	0.50
96	16	0.03
17	77	0.99
122	17	0.63
18	31	0.52
18	69	0.90
18	220	0.25
54	19	0.79
19	181	0.44
55	20	0.90
116	21	0.69
21	155	0.24
22	101	0.10
134	22	0.78
22	184	0.65
23	65	0.17
194	23	0.40
229	23	0.73
24	161	0.15
24	179	0.18
30	25	0.39
154	26	0.45
182	26	0.01
69	27	0.66
189	27	0.22
87	28	0.89
28	204	0.62
29	51	0.36
29	84	0.90
115	31	0.50
31	132	0.31
37	32	0.23
32	66	0.25
33	68	0.38
33	186	0.42
34	112	0.05
231	34	0.80
102	35	0.74
35	183	0.27
35	212	0.12
36	168	0.61
220	36	0.68
36	226	0.39
37	123	0.27
46	38	0.53
38	83	0.53
164	38	0.01
148	39	0.57
39	249	0.40
40	62	0.55
129	40	0.18
234	40	0.13
41	126	0.44
172	41	0.70
42	192	0.28
42	246	0.14
43	182	0.93
43	199	0.99
44	156	0.52
216	44	0.30
45	48	0.24
239	45	0.48
46	83	0.65
47	88	0.64
47	164	0.01
181	47	0.61
239	48	0.37
49	106	0.73
49	173	0.92
78	50	0.26
50	176	0.58
50	203	0.64
84	51	0.70
51	227	0.32
136	52	0.50
52	237	0.26
244	52	0.42
120	53	0.75
137	53	0.62
123	54	0.86
249	55	0.33
56	158	0.58
230	56	0.64
152	57	0.34
57	161	0.37
179	57	0.78
213	58	0.76
180	59	0.06
59	187	0.38
59	237	0.48
60	105	0.34
60	135	0.97
202	61	0.45
61	233	0.32
69	62	0.89
221	62	0.30
64	63	0.03
63	141	0.35
158	64	0.11
194	65	0.09
66	93	0.34
75	67	0.03
67	157	0.04
242	67	0.60
68	235	0.81
81	70	0.37
70	193	0.17
212	70	0.20
71	98	0.36
124	71	0.06
93	72	0.47
72	166	0.03
73	156	0.34
73	227	0.88
74	127	0.24
74	167	0.34
76	185	0.03
241	76	0.21
209	77	0.33
78	128	0.20
203	78	0.73
89	79	0.68
139	79	0.90
174	79	0.60
80	134	0.77
80	149	0.83
81	121	0.57
193	81	0.58
99	82	1.00
82	200	0.16
164	83	0.87
84	130	0.49
205	85	0.37
86	110	0.73
204	87	0.68
88	178	0.48
166	89	0.75
104	90	0.89
90	236	0.41
91	94	0.60
211	91	0.98
116	92	0.67
171	92	0.10
94	211	0.74
95	140	0.88
220	95	0.40
95	226	0.87
96	110	0.43
183	96	0.66
97	214	0.48
124	98	0.23
98	190	0.53
100	136	0.30
198	100	0.53
101	184	0.51
101	219	0.41
102	154	0.91
103	143	0.13
103	211	0.41
236	104	0.07
105	150	0.09
106	173	0.97
107	117	0.92
107	219	0.01
108	109	0.36
108	215	0.67
109	238	0.99
111	113	0.77
111	175	0.12
112	231	0.15
175	113	0.61
188	114	0.78
114	209	0.87
115	132	0.91
208	115	0.22
116	245	0.56
190	117	0.01
118	159	0.32
144	119	0.59
119	196	1.00
137	120	0.35
193	121	0.21
215	122	0.09
240	125	0.36
126	146	0.89
172	126	0.26
127	167	0.57
129	234	0.93
130	197	0.97
248	130	0.96
131	196	0.88
131	241	0.95
247	133	0.19
149	134	0.09
135	163	0.91
136	198	0.01
140	138	0.30
155	138	0.04
139	170	0.59
210	139	0.77
147	141	0.53
158	141	0.07
142	217	0.75
142	243	0.25
145	143	0.35
143	195	0.90
189	144	0.37
162	145	0.21
172	146	0.76
146	201	0.62
205	147	0.14
148	150	0.23
177	151	0.48
178	151	0.36
151	218	0.66
152	161	0.10
153	169	0.25
187	153	0.42
216	156	0.24
157	242	0.52
160	225	0.06
160	230	0.92
235	162	0.06
163	208	0.06
207	165	0.38
165	223	0.91
168	226	0.44
169	213	0.67
224	170	0.76
171	228	0.29
232	171	0.84
196	174	0.32
176	203	0.89
177	178	0.60
218	177	0.81
187	180	0.68
199	182	0.05
185	238	0.96
188	209	0.29
191	206	0.50
246	192	0.15
194	229	0.62
201	195	0.74
248	197	0.09
247	199	0.75
202	233	0.05
223	207	0.62
210	224	0.18
243	217	0.05
234	221	0.07
240	222	0.89
222	245	0.72
224	246	0.82
225	230	0.71
228	232	0.75
244	237	0.13
