0	168	0.75
173	0	0.96
0	245	0.84
1	28	0.55
1	210	0.28
33	2	0.88
209	2	0.21
3	170	0.77
237	3	0.12
4	154	0.49
228	4	0.75
5	151	0.99
185	5	0.10
5	231	0.50
6	31	0.91
6	131	0.90
6	148	0.29
7	87	0.71
102	7	0.84
7	188	0.56
91	8	0.31
146	8	0.86
246	8	0.81
9	69	0.22
103	9	0.42
47	10	0.66
92	10	0.37
39	11	0.50
11	206	0.30
58	12	0.24
12	96	0.20
13	71	0.93
13	114	0.55
83	14	0.02
14	117	0.74
15	102	0.09
119	15	0.85
15	233	0.31
164	16	0.52
16	196	0.01
16	229	0.46
17	64	0.59
98	17	0.33
17	152	0.86
25	18	0.45
218	18	0.59
19	47	0.74
19	177	0.28
50	20	0.16
20	53	0.51
21	42	0.24
210	21	0.25
70	22	0.70
22	132	0.21
23	66	0.67
158	23	0.77
139	24	0.73
187	24	1.00
218	25	0.73
35	26	0.01
230	26	0.25
27	59	0.75
27	124	0.89
27	162	0.75
139	28	0.80
28	215	0.36
127	29	0.86
29	182	0.22
30	192	0.25
30	247	0.42
31	68	0.20
142	31	0.35
72	32	0.65
32	198	0.50
33	147	0.04
34	137	0.28
197	34	0.14
34	212	0.19
35	76	0.65
77	35	0.30
36	125	0.94
141	36	0.31
39	37	0.60
37	157	0.09
38	42	0.95
90	38	0.93
58	40	0.63
40	208	0.07
91	41	0.76
41	246	0.66
43	163	0.10
43	249	0.65
44	94	0.31
44	248	0.05
126	45	0.12
45	239	0.41
66	46	0.78
46	156	0.85
47	92	0.68
48	76	0.62
83	48	0.48
86	49	0.61
49	111	0.62
50	107	0.64
235	50	0.34
51	191	0.52
51	242	0.98
75	52	0.73
52	95	0.31
243	52	0.29
53	167	0.25
122	54	0.80
172	54	0.17
97	55	0.23
214	55	0.05
78	56	0.60
56	205	0.58
244	56	0.10
89	57	0.22
57	150	0.90
217	58	0.31
68	59	0.21
124	59	0.53
60	131	0.99
60	221	0.56
61	113	0.98
61	138	0.47
137	62	0.74
62	184	0.73
108	63	0.16
193	63	0.80
83	64	0.46
64	117	0.80
128	65	0.01
204	65	0.63
67	81	0.18
213	67	0.72
68	141	0.45
103	69	0.22
70	106	0.22
165	71	0.91
71	222	0.88
198	72	0.47
72	214	0.88
79	73	0.41
145	73	0.33
74	116	0.30
74	157	0.07
75	238	0.87
77	213	0.52
77	215	0.71
78	205	0.32
244	78	0.82
145	79	0.09
79	175	0.40
155	80	0.90
225	80	0.04
213	81	0.46
110	82	0.19
82	129	0.58
84	113	0.33
84	138	0.46
174	85	0.93
189	85	0.53
86	111	0.40
102	87	0.85
87	188	0.69
153	88	0.13
88	203	0.01
220	88	0.73
89	150	0.35
155	90	0.13
246	91	0.86
93	105	0.33
93	199	0.58
200	94	0.87
248	94	0.41
243	95	0.54
96	118	0.50
96	241	0.40
214	97	0.80
98	152	0.03
99	179	0.52
190	99	0.28
100	161	0.49
226	100	0.72
101	154	0.98
101	235	0.98
236	101	0.78
104	107	0.08
104	235	0.69
105	238	0.93
106	140	0.36
106	207	0.24
193	108	0.83
109	130	0.83
109	170	0.17
109	237	0.10
110	129	0.66
111	249	0.03
112	180	0.07
112	232	0.98
114	165	0.52
114	222	0.56
115	181	0.69
229	115	0.17
157	116	0.03
118	143	0.67
118	241	0.50
168	119	0.98
119	173	0.85
184	120	0.13
120	192	0.33
175	121	0.37
121	236	0.56
172	122	0.48
169	123	0.11
201	123	0.47
162	124	0.13
125	141	1.00
232	126	0.12
126	239	0.45
127	182	0.13
128	209	0.44
237	130	0.84
132	176	0.01
132	207	0.99
211	133	0.86
230	133	0.45
134	163	0.53
134	178	0.26
197	135	0.65
233	135	0.75
136	142	0.28
166	136	0.25
176	140	0.63
148	142	0.98
143	183	0.69
144	167	0.38
240	144	0.88
146	247	0.13
169	147	0.51
160	149	0.61
194	149	0.30
151	185	0.56
199	151	0.03
153	203	0.72
224	156	0.88
206	158	0.83
159	193	0.97
159	204	0.24
160	194	0.09
226	161	0.43
196	164	0.54
164	224	0.16
166	186	0.90
171	194	0.79
216	171	1.00
172	195	0.13
245	173	0.46
174	189	0.09
176	207	0.25
177	186	0.41
223	178	0.38
178	226	0.18
190	179	0.46
232	180	0.63
181	229	0.57
183	212	0.09
231	185	0.08
201	187	0.86
242	191	0.11
195	202	0.11
196	224	0.26
197	233	0.21
231	199	0.26
200	223	0.29
212	202	0.93
220	203	0.11
217	208	0.85
211	230	0.34
241	216	0.13
219	221	0.55
227	219	0.30
227	221	0.24
234	225	0.96
228	236	0.68
234	240	0.44
