0	27	0.93
167	0	0.44
0	201	0.93
1	45	0.92
1	209	0.90
228	1	0.03
25	2	0.96
2	32	0.11
217	3	0.81
3	221	0.17
101	4	0.84
4	110	0.72
28	5	0.75
5	176	0.77
6	136	0.63
6	224	0.20
7	56	0.47
7	62	0.83
166	7	0.04
8	184	0.25
247	8	0.14
59	9	0.42
105	9	0.99
10	65	0.70
91	10	0.25
168	10	0.86
95	11	0.69
237	11	0.88
11	248	0.97
162	12	0.99
12	236	0.93
13	129	0.44
13	170	0.57
41	14	0.90
14	121	0.78
15	152	0.07
214	15	0.24
16	126	0.27
192	16	0.61
16	231	0.34
17	100	0.93
17	160	0.20
60	18	0.96
18	88	0.59
195	18	0.12
185	19	0.89
19	244	0.64
20	93	0.17
203	20	0.39
21	131	0.99
21	191	0.62
99	22	0.59
116	22	0.35
22	229	0.18
23	107	0.01
134	23	0.67
72	24	0.28
224	24	0.65
69	25	0.30
65	26	0.65
168	26	0.93
27	201	0.14
28	155	0.68
29	120	0.25
127	29	0.96
30	51	0.49
173	30	0.36
31	104	0.77
31	220	0.49
31	225	0.56
32	49	0.87
38	33	0.28
171	33	0.02
34	135	0.03
34	159	0.64
35	73	0.15
102	35	0.56
36	50	0.06
36	190	0.73
111	37	0.51
37	200	0.87
171	38	0.41
128	39	0.76
39	216	0.15
40	149	0.71
180	40	0.89
229	40	0.86
41	66	0.27
118	41	0.89
42	138	0.26
42	212	0.39
43	52	0.22
43	97	0.50
43	109	0.22
69	44	0.81
44	71	0.79
228	45	0.25
46	96	0.47
46	240	0.27
47	195	0.17
241	47	0.31
233	48	0.27
48	235	0.79
49	181	0.41
80	50	0.23
51	173	0.70
52	210	0.47
133	53	0.20
53	206	0.04
56	54	0.08
54	62	0.86
182	55	0.66
248	55	0.52
166	56	0.17
104	57	0.52
223	57	0.96
57	245	0.03
91	58	0.77
153	58	0.85
58	242	0.69
206	59	0.62
88	60	0.50
151	61	0.30
61	234	0.49
63	147	0.77
63	157	0.57
63	198	0.78
190	64	0.92
64	197	1.00
168	65	0.11
135	66	0.52
139	67	0.11
67	193	0.55
122	68	0.01
196	68	0.16
70	123	0.75
145	70	0.13
70	175	0.84
136	71	0.57
72	224	0.57
92	73	0.54
73	204	0.05
118	74	0.18
74	209	0.94
82	75	0.72
219	75	0.51
75	238	0.14
76	107	0.74
76	134	0.33
77	167	0.72
77	222	0.21
78	130	0.55
205	78	0.92
246	78	0.71
79	144	0.06
210	79	0.10
215	80	0.68
141	81	0.53
148	81	0.08
82	219	0.53
83	117	0.72
83	140	0.07
249	83	0.10
138	84	0.48
84	212	0.95
169	85	0.63
85	197	0.23
112	86	0.65
86	177	0.01
183	86	0.60
87	163	0.99
188	87	0.63
226	87	0.61
89	121	0.04
89	237	0.80
172	90	0.46
213	90	0.55
204	92	0.52
93	152	0.93
93	203	0.30
115	94	0.20
94	161	0.47
95	119	0.77
218	95	0.37
96	200	0.79
226	97	0.65
98	130	0.87
98	205	0.67
174	99	0.11
100	160	0.26
101	110	0.62
102	141	0.67
103	105	0.46
103	164	0.79
239	104	0.91
106	125	0.15
106	234	0.22
108	113	0.05
108	164	0.57
109	179	0.33
111	133	0.06
112	183	0.05
112	208	0.13
113	146	0.66
114	157	0.23
198	114	0.06
211	115	0.44
116	147	0.65
117	142	0.14
218	119	0.53
120	243	0.30
189	121	0.17
122	196	1.00
199	123	0.50
124	132	0.75
214	124	0.33
208	125	0.55
159	126	0.61
230	126	0.11
127	158	0.09
243	127	0.44
128	182	0.77
128	216	0.26
129	170	0.33
205	130	0.13
131	177	0.71
131	191	0.16
214	132	0.05
241	132	0.10
137	194	0.26
137	222	0.99
189	139	0.69
193	139	0.41
140	249	0.73
148	141	0.21
202	142	0.82
200	143	0.14
143	238	0.77
144	151	0.83
175	145	0.12
145	199	0.13
194	146	0.12
180	149	0.54
229	149	0.64
150	187	0.82
227	150	0.45
151	234	0.13
203	152	0.52
242	153	0.13
154	156	0.13
154	165	0.12
155	194	0.20
165	156	0.12
243	158	0.79
159	230	0.63
161	221	0.40
162	248	0.09
207	163	0.88
169	181	0.44
187	170	0.42
172	186	0.47
172	213	0.74
174	178	0.01
188	176	0.35
176	242	0.52
246	178	0.15
236	179	0.62
182	216	0.22
184	247	0.06
244	185	0.20
213	186	0.32
227	187	0.42
189	237	0.49
190	197	0.17
192	231	0.73
207	202	0.07
209	228	0.74
215	211	0.53
221	217	0.88
225	220	0.24
220	232	0.38
240	223	0.29
225	232	0.28
235	233	0.50
245	239	0.12
