0	67	0.44
71	0	0.38
0	145	0.41
1	107	0.34
1	137	0.20
29	2	0.70
181	2	0.52
3	65	0.64
66	3	0.77
3	155	0.69
61	4	0.13
4	190	0.87
48	5	0.19
5	204	0.02
6	43	0.08
6	186	0.60
7	25	0.78
7	121	0.73
194	7	0.02
8	32	0.09
85	8	0.58
88	9	0.75
180	9	0.66
9	241	0.23
119	10	0.39
144	10	0.34
106	11	0.13
173	11	0.55
12	57	0.09
68	12	0.48
13	77	0.93
13	240	0.92
14	34	0.32
218	14	0.98
15	139	0.98
15	234	0.46
108	16	0.61
16	192	0.09
239	16	0.78
17	39	0.50
17	238	0.16
18	55	0.40
133	18	0.43
19	141	0.40
177	19	0.82
59	20	0.71
20	84	0.80
20	222	0.09
27	21	0.86
21	93	0.76
22	45	0.96
81	22	0.45
104	22	0.32
23	199	0.45
23	223	0.68
236	23	0.52
185	24	0.88
221	24	0.91
232	24	0.74
193	25	0.76
45	26	0.83
26	187	0.12
27	156	0.24
27	163	0.97
112	28	0.22
28	139	0.86
197	29	0.51
30	95	0.87
30	127	0.71
31	52	0.45
31	230	0.51
217	32	0.43
73	33	0.47
33	81	0.28
33	172	1.00
34	126	0.66
73	35	0.93
35	98	0.68
36	49	0.65
116	36	0.64
36	183	0.19
53	37	0.25
129	37	0.23
38	102	0.12
38	147	0.83
245	38	0.28
238	39	0.16
40	180	0.10
207	40	0.41
41	155	0.50
41	202	0.47
42	80	0.03
42	188	0.54
42	219	0.91
186	43	0.48
44	98	0.21
149	44	0.64
44	236	0.27
46	106	0.05
46	216	0.49
58	47	0.77
89	47	0.44
47	196	0.75
48	196	0.12
165	49	0.97
50	71	0.26
50	215	0.72
83	51	0.46
51	92	0.49
147	52	0.69
52	245	0.94
129	53	0.90
105	54	0.03
143	54	0.24
103	55	0.71
133	55	0.94
56	102	0.82
230	56	0.51
68	57	0.71
57	153	0.17
196	58	0.27
233	59	0.13
164	60	0.18
60	189	0.87
61	122	0.23
61	132	0.23
62	116	0.52
162	62	0.53
63	174	0.40
210	63	0.22
249	63	0.98
144	64	0.27
64	208	0.27
155	65	0.55
124	66	0.61
66	205	0.28
78	67	0.53
69	150	0.39
216	69	0.05
70	195	0.77
246	70	0.53
71	215	0.01
90	72	0.63
72	132	0.61
190	72	1.00
81	73	0.02
74	86	0.54
74	99	0.47
75	135	0.18
75	217	0.40
76	112	0.91
76	114	0.76
154	77	0.12
213	77	0.59
78	145	0.60
101	79	0.87
179	79	0.17
228	79	0.90
219	80	0.27
82	200	0.18
82	202	0.46
82	229	0.72
222	83	0.99
87	84	0.88
85	172	0.94
123	86	0.91
87	222	0.56
241	88	0.26
89	159	0.37
178	89	0.56
90	146	0.39
109	91	0.03
182	91	0.74
91	214	0.19
92	142	0.81
156	93	0.93
160	94	0.07
225	94	0.77
94	227	0.29
95	127	0.36
175	96	0.66
96	195	0.20
96	235	0.85
142	97	0.99
97	233	0.12
115	99	0.80
99	123	0.87
100	152	0.05
176	100	0.80
101	103	0.59
103	179	0.75
104	151	0.04
105	220	0.50
106	173	0.95
137	107	0.87
108	192	0.51
108	239	0.77
109	214	0.05
110	161	0.54
110	221	0.39
111	130	0.20
111	171	0.53
111	242	0.78
113	134	0.36
113	247	0.50
215	114	0.71
123	115	0.61
116	183	0.37
117	148	0.50
168	117	0.27
118	237	0.55
246	118	0.68
119	144	0.29
159	120	0.97
120	178	0.34
146	121	0.04
244	121	0.67
247	122	0.68
133	124	0.39
124	205	0.98
171	125	0.79
125	203	0.83
126	165	0.88
126	218	0.27
131	128	0.47
128	189	0.51
129	187	0.15
203	130	0.76
229	130	0.13
131	189	0.14
132	188	0.03
247	134	0.55
151	135	0.74
136	207	0.54
248	136	0.72
242	137	0.14
145	138	0.95
138	170	0.37
138	237	0.26
194	140	0.40
140	231	0.17
177	141	0.24
184	143	0.11
220	143	0.24
148	157	0.59
236	149	0.20
150	216	0.87
176	152	0.88
224	153	0.58
154	183	0.67
154	213	0.66
156	163	0.43
160	157	0.06
206	158	0.80
158	226	0.76
160	204	0.87
161	185	0.94
221	161	0.05
162	168	0.81
184	164	0.54
166	167	0.65
166	212	0.89
167	212	0.68
197	169	0.44
169	244	0.49
206	170	0.50
209	171	0.09
174	210	0.67
175	235	0.35
228	179	0.32
211	181	0.18
214	182	0.41
191	210	0.93
191	249	0.01
193	208	0.97
246	195	0.42
197	211	0.23
212	198	0.84
232	198	0.01
223	199	0.11
200	229	0.17
209	201	0.66
201	231	0.81
248	207	0.29
231	209	0.33
240	213	0.46
224	234	0.31
225	227	0.38
225	243	0.79
226	244	0.63
243	227	0.11
