0	34	0.81
55	0	0.23
0	63	0.75
1	123	0.08
1	222	0.29
6	2	0.37
57	2	0.71
2	104	0.32
174	3	0.35
3	201	0.47
15	4	0.76
4	139	0.65
18	5	0.18
5	145	0.14
6	57	0.67
7	60	0.95
7	223	0.81
8	128	0.77
168	8	0.94
9	27	0.49
135	9	0.52
59	10	0.34
224	10	0.66
11	193	0.71
212	11	0.36
245	11	0.92
110	12	0.94
234	12	0.53
13	22	0.85
94	13	0.93
14	88	0.06
14	134	0.40
15	130	0.87
139	15	0.19
16	54	0.81
16	76	0.16
43	17	0.34
17	119	0.33
186	17	0.64
18	145	0.22
19	87	0.16
19	182	0.58
99	20	0.43
20	230	0.15
95	21	0.24
208	21	0.38
22	216	0.19
23	65	0.41
161	23	0.25
24	81	0.04
24	166	0.03
199	24	0.72
40	25	0.47
25	127	0.42
25	155	0.85
33	26	0.76
135	26	0.77
177	27	0.74
35	28	0.14
121	28	0.64
137	29	0.72
29	146	0.23
30	173	0.75
30	188	0.47
209	30	0.18
31	56	0.17
92	31	0.49
32	83	0.71
32	220	0.32
33	44	0.21
33	236	0.64
63	34	0.61
101	34	0.33
35	59	0.40
35	121	0.36
36	97	0.98
190	36	0.19
37	70	0.01
37	109	0.64
208	37	0.74
38	147	0.15
198	38	0.45
144	39	0.70
39	184	0.52
40	127	0.50
143	40	0.55
80	41	0.55
41	172	0.52
100	42	0.28
42	174	0.98
42	185	0.27
43	52	0.84
44	135	0.25
44	236	0.31
71	45	0.45
45	99	0.55
102	46	0.01
46	200	0.99
46	229	0.53
47	125	0.68
158	47	0.44
227	47	0.18
48	84	0.96
48	241	0.57
183	49	0.17
49	184	0.24
50	150	0.85
207	50	0.46
51	85	0.89
190	51	0.76
52	186	0.41
82	53	0.35
98	53	0.12
130	53	0.54
76	54	0.52
173	55	0.15
56	92	0.35
162	56	0.36
104	57	0.50
58	231	0.86
242	58	0.85
224	59	0.58
89	60	0.83
60	223	0.59
61	157	0.62
61	177	0.93
62	169	0.87
188	62	0.07
63	101	0.30
93	64	0.75
194	64	0.64
78	65	0.83
65	161	0.69
117	66	0.74
187	66	0.23
66	222	0.42
114	67	0.94
67	213	0.35
72	68	0.11
68	131	0.73
71	69	0.70
69	132	0.92
109	70	0.91
71	132	0.35
131	72	0.37
157	73	0.40
73	177	0.41
74	116	0.57
74	153	0.02
75	167	0.39
75	218	0.31
75	235	0.64
107	77	0.65
195	77	0.34
78	167	0.85
178	78	0.81
141	79	0.75
152	79	0.62
171	79	0.37
80	172	0.09
81	199	0.73
82	130	0.33
154	82	0.01
114	83	0.91
84	155	0.91
97	85	0.67
86	113	0.15
231	86	0.11
87	180	0.34
132	88	0.64
88	134	0.84
223	89	0.39
245	89	0.38
90	197	0.85
90	233	0.15
129	91	0.18
138	91	0.60
194	93	0.19
94	170	0.24
94	238	0.64
102	95	0.25
96	103	0.05
96	133	0.08
228	96	0.54
97	190	0.47
182	98	0.74
100	185	0.03
103	133	0.26
160	103	0.11
104	175	0.17
105	202	0.33
105	229	0.26
106	112	0.65
106	237	0.92
207	107	0.35
108	192	0.11
108	206	0.74
110	234	0.49
111	159	0.25
111	168	0.14
111	195	0.32
112	221	0.99
112	237	0.32
113	198	0.32
114	213	0.69
191	115	0.50
210	115	0.75
115	215	0.83
116	123	0.95
153	116	0.02
117	187	0.90
126	118	0.32
118	217	0.58
221	119	0.26
120	122	0.77
176	120	0.77
176	122	0.13
153	123	0.91
136	124	0.57
124	147	0.97
227	125	0.48
126	232	0.29
127	143	0.58
128	220	0.46
138	129	0.13
129	241	0.21
136	245	0.71
146	137	0.59
178	139	0.74
140	196	0.71
140	203	0.41
218	140	0.61
171	141	0.94
142	189	0.06
225	142	0.02
183	144	1.00
219	148	0.23
148	247	0.45
149	226	0.57
243	149	0.42
150	156	0.44
207	150	0.63
163	151	0.10
205	151	0.89
152	162	0.25
209	154	0.12
156	248	0.49
166	158	0.18
227	158	0.57
159	160	0.39
161	230	0.50
163	205	0.32
211	163	0.30
178	164	0.38
164	237	0.90
165	181	0.57
165	200	0.95
235	167	0.18
168	195	0.92
204	169	0.34
170	238	0.56
174	201	0.10
175	242	0.29
191	179	0.31
179	210	0.98
215	179	0.54
182	180	0.94
181	200	0.60
186	216	0.66
225	189	0.94
228	189	0.12
206	192	0.71
193	204	0.26
193	212	0.60
194	248	0.67
202	196	0.20
197	233	0.05
218	203	0.63
211	205	0.98
215	210	0.97
214	239	0.13
240	214	0.32
217	232	0.07
247	219	0.51
243	226	0.37
242	231	0.51
239	240	0.12
244	246	0.95
244	249	0.24
246	249	0.05
