0	30	0.22
104	0	0.56
0	120	0.93
0	214	0.26
1	81	0.15
106	1	0.63
107	1	0.31
1	159	0.96
41	2	0.57
2	115	0.28
222	2	0.77
3	31	0.07
88	3	0.13
3	208	0.58
4	24	0.21
4	38	0.69
4	70	0.55
4	219	0.55
185	5	0.49
5	205	0.81
234	5	0.45
123	6	0.62
137	6	1.00
6	157	0.77
150	7	0.93
151	7	0.68
203	7	0.20
98	8	0.02
8	125	0.82
204	8	0.22
9	25	0.41
9	59	0.50
9	152	0.19
124	10	0.78
10	136	0.53
10	231	0.71
235	10	0.33
11	153	0.88
174	11	0.13
11	241	0.18
12	69	0.91
12	94	0.25
249	12	0.36
13	23	0.07
75	13	0.48
232	13	0.20
14	87	0.55
14	154	0.49
247	14	0.42
15	57	0.51
15	184	0.46
237	15	0.06
43	16	0.38
16	131	0.53
16	239	0.60
18	17	0.92
56	17	0.33
216	17	0.90
28	18	0.50
216	18	0.12
96	19	0.62
19	112	0.31
19	127	0.44
20	40	0.73
134	20	0.74
20	212	0.83
233	20	0.71
21	74	0.82
21	83	0.78
21	215	0.05
22	27	0.39
62	22	0.63
70	22	0.47
23	27	0.32
23	75	0.09
23	232	0.28
164	24	0.63
24	166	0.81
25	59	0.82
96	25	0.62
26	90	0.69
132	26	0.08
175	26	0.38
26	181	0.01
27	62	0.30
39	28	0.01
207	28	0.65
29	110	0.65
115	29	0.19
29	220	0.17
30	110	1.00
30	214	0.91
31	88	0.49
31	208	0.93
80	32	0.04
32	109	0.77
172	32	0.08
32	186	0.53
33	112	0.66
33	127	0.28
128	33	0.59
223	33	0.91
34	64	0.50
34	103	0.91
183	34	0.34
34	205	0.84
35	60	0.31
113	35	0.14
35	173	0.22
84	36	0.96
36	165	0.66
227	36	0.70
42	37	0.78
142	37	0.32
171	37	0.70
233	37	0.29
38	153	0.76
166	38	0.59
219	38	0.80
39	167	0.03
207	39	0.02
134	40	0.64
212	40	0.85
41	208	0.73
41	222	0.69
42	156	0.83
42	177	0.82
51	43	0.24
43	239	0.83
122	44	0.59
189	44	0.63
220	44	0.52
44	245	0.56
108	45	0.09
161	45	0.47
45	182	0.18
86	46	0.75
46	91	0.28
135	46	0.98
47	61	0.20
130	47	0.38
47	238	0.59
81	48	0.99
48	106	0.28
107	48	0.48
159	48	0.47
49	53	0.54
49	158	0.31
49	188	0.06
50	138	0.46
50	162	0.71
50	230	0.98
163	51	0.32
200	51	0.69
52	53	0.53
80	52	0.32
172	52	0.35
186	52	0.33
158	53	0.48
54	92	0.29
54	117	0.05
54	207	0.53
100	55	0.67
167	55	0.78
55	228	0.60
119	56	0.69
56	171	0.26
127	57	0.65
57	184	0.65
87	58	0.38
58	98	0.30
129	58	0.74
103	59	0.11
60	72	0.91
60	176	0.58
130	61	0.61
238	61	0.29
242	61	0.92
62	183	0.73
63	116	0.11
160	63	0.79
63	191	0.19
63	216	0.27
103	64	0.28
64	183	0.11
82	65	0.88
65	93	0.38
65	169	0.98
77	66	0.67
66	126	0.92
66	244	0.18
67	95	0.07
67	194	0.57
67	202	0.48
105	68	0.68
68	150	0.99
68	155	0.37
69	94	0.14
69	249	0.51
70	166	0.56
70	219	0.69
71	102	0.97
71	122	0.24
71	146	1.00
71	223	0.18
113	72	0.92
137	72	0.10
73	118	0.84
73	140	0.90
218	73	0.52
74	83	0.36
215	74	0.19
75	232	0.71
148	76	0.61
76	179	0.03
195	76	0.38
218	76	0.54
86	77	0.26
244	77	0.62
78	141	0.44
231	78	0.64
78	235	0.99
79	104	0.34
79	120	0.28
221	79	0.78
79	240	0.51
80	109	0.25
186	80	0.61
106	81	0.66
81	159	0.54
82	93	0.05
169	82	0.20
215	82	0.40
83	206	0.81
215	83	0.14
165	84	0.01
227	84	0.08
85	89	0.50
85	90	0.01
132	85	0.06
85	181	0.79
91	86	0.99
98	87	0.03
192	87	0.90
88	208	0.60
132	89	0.65
89	196	0.18
210	89	0.89
210	90	0.12
91	118	0.54
92	117	0.23
92	125	0.52
169	93	0.28
190	94	0.94
94	249	0.56
95	202	0.15
95	240	0.24
112	96	0.36
96	128	0.48
99	97	0.19
97	161	0.75
97	193	0.68
97	243	0.03
129	98	0.34
99	145	0.05
174	99	0.63
167	100	0.93
100	228	0.09
101	111	0.90
192	101	0.62
201	101	0.55
124	102	0.65
102	146	0.54
102	223	0.65
103	183	0.31
105	104	0.05
104	214	0.75
114	105	0.26
155	105	0.08
107	106	0.46
108	182	0.31
224	108	0.85
109	184	0.43
115	110	0.99
220	110	0.19
129	111	0.63
111	192	0.10
111	201	0.52
112	128	0.29
113	149	0.55
176	113	0.55
114	150	0.92
151	114	0.34
114	175	0.68
115	220	0.09
116	149	0.57
116	191	0.51
209	116	0.58
117	247	0.42
118	218	0.21
171	119	0.65
119	181	0.04
120	221	0.62
121	139	0.17
156	121	0.69
121	170	0.56
189	122	0.71
245	122	0.80
123	180	0.18
211	123	0.62
136	124	0.69
124	235	0.43
204	125	0.61
204	126	0.21
244	126	0.23
127	128	0.43
130	238	0.67
160	131	0.14
131	209	0.08
210	132	0.48
133	152	0.52
133	178	0.68
226	133	0.19
172	134	0.48
212	134	0.40
152	135	0.09
178	135	0.58
226	135	0.32
231	136	0.02
137	157	0.90
138	162	0.28
138	230	0.89
139	156	0.41
139	170	0.28
190	140	0.75
199	140	0.41
217	140	0.99
141	235	0.13
141	246	0.87
177	142	0.86
206	142	0.20
233	142	0.30
144	143	0.41
143	188	0.33
224	143	0.37
237	143	0.32
224	144	0.86
237	144	0.63
174	145	0.37
145	210	0.92
146	223	0.23
168	147	0.82
147	225	0.08
147	236	0.50
179	148	0.27
195	148	0.62
148	211	0.25
149	173	0.22
149	176	0.45
198	150	0.74
151	203	0.02
226	152	0.51
153	241	0.44
240	154	0.44
247	154	0.43
175	155	0.21
155	198	0.62
156	170	0.09
157	185	0.73
180	158	0.38
160	191	0.89
193	161	0.75
243	161	0.11
230	162	0.28
163	200	0.59
163	209	0.52
166	164	0.31
219	164	0.37
165	227	0.28
167	228	0.03
236	168	0.43
237	168	0.49
170	241	0.62
173	176	0.91
198	175	0.79
206	177	0.69
178	197	0.30
226	178	0.92
195	179	0.20
196	180	0.86
211	180	0.82
182	202	0.10
185	205	0.24
234	185	0.35
188	187	0.74
213	187	0.71
242	187	0.25
188	213	0.81
189	245	0.29
199	190	0.26
217	190	0.81
191	209	0.38
192	201	0.61
193	243	0.02
194	225	0.04
246	194	0.51
211	196	0.04
197	229	0.29
248	197	0.43
217	199	0.76
199	238	0.42
200	234	0.20
203	244	0.82
205	234	0.29
233	206	0.77
213	242	0.77
248	213	0.61
240	221	0.90
222	236	0.84
246	225	0.05
239	229	0.05
248	229	0.61
