0	37	0.93
59	0	0.98
0	97	0.87
0	140	0.52
1	65	0.97
79	1	0.26
114	1	0.62
2	3	0.61
45	2	0.62
2	182	0.83
136	3	0.77
3	182	0.82
66	4	0.50
4	120	0.32
4	215	0.65
5	21	0.49
5	25	0.48
5	148	0.62
89	6	0.12
6	98	0.19
124	6	0.05
161	7	0.26
162	7	0.96
7	206	0.17
9	8	0.94
22	8	0.61
24	8	0.74
185	8	0.32
9	26	0.38
159	9	0.61
10	46	0.96
10	129	0.34
10	203	0.97
244	10	0.85
11	23	0.69
11	88	0.90
112	11	0.64
11	171	0.27
156	12	0.28
12	181	0.32
12	183	0.81
13	99	0.98
130	13	0.62
13	148	0.04
46	14	0.50
85	14	0.59
14	93	0.38
14	165	0.45
155	15	0.50
15	170	0.94
15	186	0.16
67	16	0.84
80	16	0.07
16	192	0.40
17	78	1.00
149	17	0.90
187	17	0.82
51	18	0.34
63	18	0.74
104	18	0.93
39	19	0.76
19	177	0.23
19	204	0.99
19	225	0.11
72	20	0.20
20	101	0.82
193	20	0.06
21	148	0.97
21	247	0.61
22	24	0.16
22	185	0.98
61	23	0.62
88	23	0.34
23	112	0.62
24	80	0.25
24	185	0.06
36	25	0.43
25	175	0.24
25	235	0.35
153	26	0.31
26	159	0.80
28	27	0.22
128	27	0.95
27	249	0.12
28	128	0.26
249	28	0.47
86	29	0.07
29	121	0.62
218	29	0.07
30	49	0.18
30	108	0.94
30	205	0.16
31	100	0.16
31	133	0.51
160	31	0.22
31	166	0.46
151	32	0.56
32	228	0.62
32	237	0.60
32	245	0.09
55	33	0.46
134	33	0.17
33	172	0.28
33	173	0.90
48	34	0.78
34	58	0.24
34	91	0.68
52	35	0.94
35	152	0.72
154	35	0.69
35	219	0.40
38	36	0.03
175	36	0.96
235	36	0.09
58	37	0.82
59	37	0.54
38	144	0.58
210	38	0.84
77	39	0.02
39	177	0.69
204	39	0.57
125	40	0.45
131	40	0.87
40	239	0.95
41	60	0.43
41	135	0.58
41	195	0.88
246	41	0.42
42	115	0.98
213	42	0.65
214	42	0.14
95	43	0.99
43	167	0.92
228	43	0.62
139	44	0.40
44	183	0.49
196	44	0.50
44	233	0.94
118	45	0.33
45	239	0.49
129	46	0.13
46	203	0.49
59	47	0.82
47	199	0.75
248	47	0.92
58	48	0.56
48	240	0.06
49	108	0.57
49	205	0.63
49	209	0.64
50	56	0.01
50	97	0.37
207	50	0.80
153	51	0.41
51	209	0.13
163	52	0.55
219	52	0.26
230	52	0.25
57	53	0.47
53	111	0.66
53	136	0.28
54	119	0.67
160	54	0.61
240	54	0.34
55	134	0.02
172	55	0.50
55	173	0.91
207	56	0.74
56	234	0.12
111	57	0.52
57	136	0.54
97	59	0.82
135	60	0.16
60	138	0.37
60	246	0.22
92	61	0.87
112	61	0.41
171	61	0.70
62	109	0.74
62	110	0.88
174	62	0.72
63	75	0.60
63	104	0.09
145	64	0.12
64	226	0.85
247	64	0.09
65	79	0.40
65	99	0.02
114	65	0.58
66	120	0.94
66	248	0.49
67	80	0.01
67	192	0.87
68	96	0.51
234	68	0.93
68	241	0.77
69	76	0.54
69	83	0.93
69	206	0.22
69	224	0.31
70	132	0.87
70	217	0.28
70	223	0.87
70	242	0.04
71	140	0.10
188	71	0.69
220	71	0.98
72	190	0.14
72	221	0.14
232	72	0.59
73	179	0.47
200	73	0.55
73	216	0.83
75	74	0.72
74	116	0.48
137	74	0.57
116	75	0.81
83	76	0.41
131	76	0.44
76	224	0.42
141	77	0.89
77	143	0.66
78	119	0.34
78	149	0.85
187	78	0.33
79	114	0.89
79	157	0.79
192	80	1.00
101	81	0.30
81	191	0.24
81	243	0.33
180	82	0.91
210	82	0.06
82	227	0.17
236	82	0.49
224	83	0.80
93	84	0.11
84	135	0.43
84	195	0.32
246	84	0.88
85	93	0.39
165	85	0.99
121	86	0.99
218	86	0.21
87	103	0.79
144	87	0.52
87	164	0.01
92	88	0.51
98	89	0.69
89	124	0.72
90	105	0.61
90	113	0.15
215	90	0.71
122	91	0.32
91	222	0.85
92	171	0.03
93	165	0.40
165	94	0.25
94	184	0.93
231	94	0.83
95	106	0.29
95	228	0.93
96	118	0.70
234	96	0.02
96	241	0.38
124	98	0.44
207	98	0.56
99	130	0.21
100	133	0.21
166	100	0.51
185	100	0.27
193	101	0.73
102	138	0.43
102	158	0.90
102	232	0.12
164	103	0.33
103	197	0.12
150	104	0.77
113	105	0.30
215	105	0.29
106	125	0.95
131	106	0.71
106	222	0.36
109	107	0.07
137	107	0.52
146	107	0.97
107	202	0.65
108	205	0.52
109	110	0.94
109	174	0.45
174	110	0.64
111	136	0.68
161	111	0.54
113	116	0.06
113	215	0.95
114	201	0.19
115	213	0.50
214	115	0.79
117	196	0.29
117	197	0.48
208	117	0.74
117	244	0.43
118	239	0.18
119	160	0.90
240	119	0.09
120	139	0.05
218	121	0.27
178	122	0.76
122	222	0.18
147	123	0.73
211	123	0.29
123	245	0.73
211	124	0.89
131	125	0.34
198	125	0.52
126	142	0.57
126	145	0.03
225	126	0.97
127	132	0.78
217	127	0.16
127	242	0.53
128	197	0.66
249	128	0.15
203	129	0.30
168	130	0.23
217	132	0.61
223	132	0.85
166	133	0.04
172	134	0.40
135	195	0.28
137	146	0.77
137	202	0.31
138	158	0.35
139	196	0.91
233	139	0.12
188	140	0.21
220	140	0.74
141	143	0.80
141	193	0.16
189	142	0.79
225	142	0.45
200	143	0.79
210	144	0.53
145	226	0.60
247	145	0.08
202	146	0.68
155	147	0.70
211	147	0.96
187	149	0.38
150	178	0.23
150	179	0.36
237	151	0.70
151	245	0.51
151	249	0.51
154	152	0.81
163	152	0.12
152	230	0.20
153	209	0.88
154	163	0.01
170	155	0.72
155	186	0.95
181	156	0.32
156	183	0.76
167	157	0.18
229	157	0.19
213	158	0.15
159	204	0.63
160	240	0.39
161	206	0.62
176	162	0.01
162	198	0.72
233	164	0.96
229	167	0.55
189	168	0.82
168	194	0.59
168	201	0.67
205	169	0.05
212	169	0.59
169	238	0.02
170	186	0.14
173	172	0.69
231	173	0.54
175	235	0.46
176	198	0.18
199	176	0.78
191	177	0.12
177	204	0.36
179	178	0.05
227	180	0.69
236	180	0.26
183	181	0.06
182	238	0.12
184	231	0.98
243	184	0.22
241	186	0.89
208	188	0.71
220	188	0.39
189	194	0.24
189	201	0.74
221	190	0.13
232	190	0.57
191	243	0.85
194	201	0.39
195	246	0.32
197	208	0.39
248	199	0.35
216	200	0.58
202	212	0.12
244	208	0.61
238	212	0.54
213	214	0.62
216	229	0.17
217	242	0.61
219	230	0.06
232	221	0.25
223	242	0.24
247	226	0.20
236	227	0.93
234	241	0.78
245	237	0.13
