0	33	0.97
49	0	0.94
0	123	0.92
0	196	0.19
1	3	0.37
45	1	0.67
46	1	0.48
1	83	0.32
116	2	0.32
2	148	0.33
218	2	0.10
3	45	0.55
131	3	0.43
4	59	0.50
4	62	0.39
4	140	0.50
4	180	0.65
5	9	0.30
45	5	0.86
5	46	0.65
149	6	0.97
230	6	0.71
234	6	0.80
7	86	0.67
94	7	0.73
100	7	0.78
81	8	0.46
101	8	0.17
8	206	0.57
46	9	0.70
9	125	0.93
10	57	0.36
10	121	0.88
221	10	0.02
10	244	0.19
11	12	0.27
61	11	0.97
11	72	0.95
61	12	0.29
12	170	0.91
12	213	0.69
13	49	0.28
83	13	0.33
13	93	0.81
66	14	0.72
67	14	0.96
14	248	0.64
15	186	0.80
212	15	0.01
15	215	0.30
16	156	0.31
175	16	0.29
182	16	0.99
17	128	0.39
17	179	0.86
192	17	0.69
228	17	0.38
60	18	0.93
139	18	0.04
201	18	0.83
32	19	0.90
19	96	0.29
19	168	0.58
20	40	0.56
103	20	0.39
20	142	0.99
30	21	0.82
21	34	0.17
21	222	0.65
22	23	0.85
22	75	0.15
205	22	0.55
224	22	0.99
23	63	0.44
23	138	0.58
24	77	0.81
90	24	0.89
24	114	0.94
25	74	0.23
153	25	0.39
25	174	0.78
198	25	0.06
78	26	0.95
26	115	0.16
26	117	0.68
177	26	0.35
68	27	0.16
27	166	0.18
219	27	0.68
28	76	0.27
28	136	0.96
28	235	0.68
28	247	0.40
29	57	0.62
89	29	0.22
29	111	0.43
217	29	0.92
30	37	0.05
30	236	0.82
31	48	0.88
74	31	0.65
78	31	0.04
31	198	0.52
32	96	0.47
168	32	0.24
33	107	0.40
33	123	0.98
196	33	0.16
34	71	0.69
222	34	0.03
35	69	0.34
152	35	0.14
197	35	0.16
130	36	0.99
133	36	0.34
237	36	0.74
37	79	0.63
236	37	0.02
127	38	0.50
38	136	0.40
210	38	0.59
243	38	0.74
206	39	0.85
39	216	0.87
39	220	0.82
40	115	0.05
40	158	0.78
159	40	0.55
41	110	0.92
120	41	0.24
165	41	0.41
118	42	0.35
42	131	0.01
149	42	0.21
58	43	0.90
43	70	0.81
151	43	0.13
43	211	0.90
88	44	0.92
44	157	0.06
203	44	0.16
45	46	0.19
92	47	0.46
47	104	1.00
137	47	0.25
244	47	0.81
48	153	0.15
48	217	0.34
49	92	0.58
49	191	0.69
50	112	0.74
50	148	0.22
218	50	0.26
115	51	0.14
51	142	0.71
158	51	0.78
159	51	0.15
58	52	0.39
79	52	0.35
52	154	0.59
53	58	0.12
53	127	0.34
151	53	0.20
211	53	0.52
54	104	0.94
137	54	0.65
54	204	0.49
61	55	0.62
55	110	0.54
170	55	0.25
56	199	0.14
205	56	0.87
209	56	0.12
57	98	0.44
57	221	0.04
151	58	0.36
62	59	0.75
94	59	1.00
59	180	0.67
60	109	0.38
139	60	0.28
61	72	0.94
62	178	0.30
180	62	0.51
63	75	0.99
138	63	0.93
64	183	0.29
64	197	0.47
249	64	0.63
65	154	0.81
65	214	0.70
65	235	0.23
66	67	0.44
66	248	0.12
184	67	0.80
67	248	0.34
68	73	0.55
68	145	0.58
68	171	0.80
69	109	0.65
69	129	0.29
70	211	0.10
70	246	0.34
71	125	0.77
71	143	0.18
118	72	0.66
170	72	0.46
73	145	0.64
73	164	0.22
233	73	1.00
74	174	0.32
198	74	0.86
75	138	0.93
205	75	0.53
76	136	0.86
181	76	0.28
247	76	0.75
114	77	0.60
162	77	0.87
77	231	0.95
177	78	0.01
79	154	0.64
80	117	0.38
80	122	0.82
177	80	0.40
81	101	0.93
81	234	0.58
85	82	0.98
147	82	0.61
82	202	0.17
83	92	0.30
95	84	0.11
141	84	0.22
84	199	0.84
240	84	0.72
147	85	0.87
228	85	0.89
86	106	0.01
86	231	0.99
132	87	0.37
87	146	0.13
227	87	0.83
157	88	0.37
173	88	0.09
88	203	0.56
91	89	0.26
89	111	0.40
181	89	0.60
114	90	0.79
90	143	0.36
91	214	0.09
91	235	0.52
135	93	0.77
241	93	0.58
94	100	0.03
95	216	0.75
95	240	0.69
168	96	0.61
97	99	0.41
102	97	0.76
97	128	0.50
98	100	0.33
98	134	0.78
173	98	0.23
99	189	0.17
193	99	0.63
223	99	0.91
101	134	0.33
102	128	0.09
179	102	0.50
184	103	0.51
229	103	0.47
104	122	0.78
104	204	0.20
105	163	0.20
178	105	0.12
105	246	0.97
231	106	0.17
241	106	0.94
140	107	0.55
107	144	0.16
187	107	0.60
108	113	0.03
146	108	0.20
227	108	0.58
129	109	0.12
110	120	0.22
110	165	0.72
111	181	0.59
111	217	0.08
195	112	0.86
112	239	0.86
146	113	0.53
113	227	0.15
113	236	0.83
114	135	0.83
115	142	0.75
195	116	0.65
116	218	0.69
117	122	0.27
177	117	0.55
118	170	0.78
119	155	0.57
119	185	0.10
239	119	0.08
120	165	0.36
245	120	0.54
215	121	0.49
121	221	0.47
196	123	0.72
162	124	0.37
124	167	0.49
190	124	0.44
143	125	0.13
160	126	0.01
126	169	0.57
126	207	0.51
210	127	0.70
127	219	0.67
163	129	0.35
130	133	0.35
130	237	0.77
149	131	0.51
211	132	0.09
227	132	0.59
237	133	0.84
173	134	0.02
242	134	0.07
241	135	0.02
137	244	0.21
139	201	0.30
140	144	0.64
140	187	0.14
141	232	0.18
240	141	0.07
159	142	0.11
187	144	0.42
145	172	0.51
145	233	0.50
202	147	0.52
165	148	0.21
176	150	0.76
238	150	0.58
150	242	0.45
232	151	0.74
197	152	0.20
200	152	0.53
240	152	0.34
174	153	0.93
155	185	0.42
155	239	0.89
175	156	0.48
156	182	0.93
157	203	0.43
159	158	0.78
169	160	1.00
160	207	0.69
161	194	0.97
161	208	0.74
209	161	0.78
162	167	0.86
190	162	0.94
163	178	0.57
172	164	0.09
225	164	0.85
233	164	0.18
166	175	0.89
166	219	0.70
167	190	0.63
201	167	0.24
168	209	0.68
207	169	0.10
172	171	0.80
183	171	0.93
172	233	0.65
173	242	0.77
198	174	0.98
182	175	0.99
176	232	0.26
176	238	0.78
246	178	0.25
192	179	0.14
179	228	0.23
180	230	0.55
217	181	0.66
194	182	0.70
183	249	0.67
229	184	0.79
239	185	0.22
212	186	0.69
215	186	0.62
188	220	0.62
188	225	0.06
226	188	0.48
193	189	0.37
223	189	0.76
222	190	1.00
191	213	0.17
191	245	0.15
228	192	0.45
223	193	0.14
194	199	0.50
194	210	0.95
195	218	0.19
197	200	0.10
208	199	0.98
208	200	0.34
202	204	0.13
244	204	0.08
224	205	0.11
206	216	0.51
208	209	0.42
210	243	0.98
212	215	0.28
245	213	0.28
214	224	0.90
235	214	0.71
225	220	0.52
220	226	0.18
226	225	0.96
249	229	0.83
234	230	0.35
232	238	0.65
247	243	0.80
