0	58	0.10
77	0	0.89
0	195	0.80
0	247	0.87
1	56	0.83
180	1	0.27
220	1	0.95
1	244	0.78
29	2	0.64
2	120	0.43
123	2	0.46
3	21	0.13
200	3	0.76
3	206	0.91
4	26	0.15
4	46	0.03
4	193	0.33
4	231	0.01
11	5	0.16
5	140	0.80
143	5	0.93
208	5	0.99
153	6	0.81
6	161	0.71
202	6	0.19
46	7	0.89
82	7	0.63
187	7	0.72
7	225	0.96
67	8	0.47
8	106	0.32
8	190	0.73
9	102	0.14
144	9	0.37
9	204	0.75
10	91	0.95
122	10	0.42
10	137	0.73
143	11	0.59
11	202	0.74
11	208	0.76
12	16	0.94
19	12	0.10
12	92	0.88
165	13	0.70
229	13	0.31
13	236	0.58
14	73	0.17
159	14	0.95
14	231	0.50
15	53	0.69
96	15	0.56
126	15	0.55
15	146	0.21
16	19	0.45
63	16	0.01
24	17	0.70
74	17	0.96
111	17	0.41
116	17	0.94
48	18	0.89
18	94	0.30
18	136	0.26
18	169	0.84
63	19	0.11
19	86	0.82
43	20	0.15
20	133	0.18
20	191	0.97
20	238	0.11
21	86	0.31
206	21	0.50
47	22	0.28
22	139	0.82
22	163	0.75
23	39	0.19
199	23	0.05
23	240	0.92
24	111	0.07
116	24	0.91
24	133	0.02
75	25	0.35
166	25	0.59
25	194	0.23
25	222	0.29
46	26	0.85
149	26	0.05
26	193	0.06
164	27	0.58
27	170	0.11
27	198	0.56
28	112	0.95
28	213	0.16
28	241	0.39
195	29	0.97
29	196	0.01
249	29	0.25
30	128	0.30
30	201	0.33
30	209	0.19
63	31	0.21
150	31	0.17
31	155	0.50
31	184	0.72
61	32	0.47
32	145	0.59
32	205	0.73
246	32	0.26
33	47	0.06
117	33	0.91
33	125	0.19
77	34	0.63
84	34	0.61
170	34	0.76
89	35	0.38
110	35	0.10
35	179	0.90
59	36	0.54
60	36	0.61
36	71	0.30
45	37	0.59
212	37	0.94
215	37	0.18
37	224	0.77
38	96	0.23
38	126	0.75
38	142	0.14
242	38	0.11
39	199	0.64
207	39	0.79
74	40	0.54
127	40	0.69
40	132	0.13
151	40	0.71
53	41	0.45
41	120	0.51
174	41	0.30
42	54	0.73
163	42	0.24
42	175	0.17
133	43	0.23
43	159	0.73
238	43	0.17
44	65	0.93
79	44	0.55
207	44	0.08
45	158	0.07
45	212	0.14
45	215	0.99
46	193	0.33
47	163	0.33
48	118	0.48
169	48	0.02
61	49	0.45
49	145	0.56
205	49	0.27
246	49	0.28
90	50	0.87
172	50	0.88
50	186	0.79
51	88	0.20
51	158	0.49
218	51	0.02
243	51	0.92
52	104	0.38
134	52	0.46
52	181	0.47
174	53	0.87
54	175	0.12
193	54	0.97
55	97	0.18
166	55	0.04
177	55	0.54
55	219	0.90
56	113	0.45
220	56	0.18
226	56	0.08
97	57	0.26
57	141	0.11
57	177	0.82
228	57	0.25
58	77	0.56
58	114	0.68
227	58	0.05
59	98	0.96
152	59	0.42
60	71	0.79
60	98	0.16
234	60	0.62
61	145	0.43
62	81	0.39
62	115	0.57
62	183	0.75
62	237	0.40
106	63	0.59
64	76	0.79
64	139	0.81
64	167	0.83
65	113	0.42
65	158	0.77
65	218	0.74
66	72	0.98
66	160	0.96
66	196	0.74
67	234	0.87
239	67	0.43
108	68	0.85
68	169	0.43
68	183	0.76
78	69	0.98
69	149	0.42
189	69	0.62
70	201	0.43
209	70	0.77
70	216	0.20
98	71	0.62
152	71	0.45
152	72	0.65
160	72	0.39
73	159	0.36
160	73	0.17
73	231	0.32
74	85	0.81
74	127	0.15
157	75	0.65
75	223	0.85
75	230	0.28
139	76	0.33
145	76	0.48
76	167	0.11
77	114	0.38
107	78	0.16
149	78	0.66
78	189	0.29
125	79	0.94
207	79	0.02
107	80	0.42
80	130	0.29
80	221	0.90
115	81	0.42
81	237	0.22
187	82	0.49
225	82	0.07
85	83	0.38
83	122	0.48
224	83	0.61
84	170	0.82
197	84	0.04
137	85	0.33
85	224	0.46
86	148	0.64
86	178	0.69
153	87	0.42
181	87	0.10
87	200	0.26
88	105	0.88
88	113	0.50
218	88	0.32
89	110	0.11
131	89	0.81
89	179	0.77
90	171	0.54
90	172	0.74
92	91	0.16
91	140	0.88
140	92	0.44
135	93	0.70
93	162	0.88
93	219	0.45
118	94	0.45
136	94	0.82
182	95	0.85
95	228	0.13
95	235	0.20
96	142	0.34
146	96	0.29
97	156	0.46
152	98	0.21
122	99	0.62
137	99	0.23
99	224	0.28
124	100	0.34
100	204	0.69
232	100	0.81
122	101	0.43
128	101	0.46
101	154	0.65
102	138	0.59
102	144	0.98
103	104	0.39
203	103	0.46
103	222	0.61
181	104	0.68
105	113	0.28
105	117	0.01
105	158	0.95
106	190	0.31
130	107	0.04
107	221	0.34
108	183	0.44
244	108	0.87
109	175	0.62
109	182	0.51
109	248	0.03
138	110	0.02
110	179	0.97
116	111	0.65
119	112	0.23
112	151	0.93
241	112	0.91
185	114	0.63
114	227	0.91
199	115	0.87
237	115	0.56
125	117	0.61
118	136	0.02
118	210	0.50
131	119	0.28
119	203	0.75
213	119	0.06
120	123	0.89
121	168	0.40
171	121	0.80
247	121	0.64
135	123	0.12
204	124	0.73
232	124	0.21
245	124	0.77
142	126	0.90
126	146	0.34
127	173	0.31
128	154	0.51
129	180	0.07
129	210	0.04
248	129	0.11
221	130	0.85
241	131	0.68
132	148	0.17
132	178	0.73
238	133	0.06
147	134	0.79
245	134	0.62
162	135	0.33
136	169	0.63
144	138	0.88
167	139	0.25
156	141	0.94
219	141	0.84
208	143	0.39
147	177	0.43
147	245	0.07
168	148	0.73
148	178	0.24
149	189	0.43
155	150	0.31
184	150	0.87
150	239	0.01
151	216	0.27
151	233	0.79
200	153	0.91
154	194	0.04
184	155	0.20
156	177	0.31
219	156	0.04
223	157	0.30
230	157	0.48
159	231	0.05
161	172	0.67
161	202	0.67
179	162	0.72
164	188	0.93
198	164	0.58
217	165	0.31
229	165	0.87
165	240	0.39
166	194	0.85
230	166	0.93
171	168	0.54
173	216	0.40
173	225	0.49
233	173	0.35
214	174	0.94
176	192	0.18
176	227	0.11
243	176	0.45
210	180	0.65
182	248	0.34
227	185	0.30
247	185	0.77
191	186	0.76
197	186	0.51
187	225	0.89
188	198	0.63
206	188	0.34
192	190	0.51
197	191	0.01
243	192	1.00
194	223	0.55
195	226	0.12
249	195	0.76
249	196	0.84
201	209	0.35
203	222	0.50
204	232	0.44
205	246	0.79
211	209	0.02
214	211	0.14
211	242	0.06
215	212	0.05
241	213	0.10
214	242	0.24
215	235	0.55
216	233	0.34
217	229	0.18
236	217	0.91
217	240	0.91
226	220	0.63
244	220	0.96
226	244	0.84
235	228	0.39
236	229	0.92
239	234	0.65
