0	10	0.75
181	0	0.53
0	211	0.93
1	38	0.80
1	78	0.28
96	1	0.71
149	1	0.50
2	23	0.92
81	2	0.60
2	82	0.11
219	2	0.72
3	109	0.84
214	3	0.23
3	220	0.72
3	233	0.64
4	24	0.50
4	185	0.87
4	224	0.10
15	5	0.65
5	195	0.61
234	5	0.44
65	6	0.60
101	6	0.05
6	119	0.31
57	7	0.39
183	7	0.19
235	7	0.52
14	8	0.82
8	188	0.89
202	8	0.24
9	49	0.01
9	70	0.35
9	114	0.25
160	9	0.55
10	27	0.92
10	211	0.69
15	11	0.13
11	29	0.63
107	11	0.97
11	171	0.88
12	16	0.45
12	93	0.19
108	12	0.74
12	140	0.63
71	13	0.44
72	13	0.67
13	226	0.01
14	116	0.37
155	14	0.16
14	216	0.74
15	29	0.51
107	15	0.28
85	16	0.45
16	93	0.01
16	241	0.33
25	17	0.23
35	17	0.31
158	17	1.00
215	17	0.32
177	18	0.73
186	18	0.77
18	246	0.64
19	32	0.70
19	83	0.28
98	19	0.91
19	213	0.88
124	20	0.08
20	147	0.63
20	165	0.48
20	190	0.46
21	94	0.06
112	21	0.80
134	21	0.48
22	175	0.72
22	184	0.12
22	217	0.20
192	23	0.77
23	222	0.69
24	91	0.88
224	24	0.67
25	35	0.67
158	25	0.02
113	26	0.17
26	138	0.50
26	170	0.73
177	26	0.91
33	27	0.04
27	167	0.12
68	28	0.14
28	197	1.00
28	213	0.12
29	107	0.16
29	127	0.30
30	110	0.92
181	30	0.48
30	236	0.07
45	31	0.74
31	54	0.99
31	208	0.29
32	98	0.14
125	32	0.11
213	32	0.80
33	46	0.81
33	167	0.41
40	34	0.95
34	91	0.55
34	230	0.68
158	35	0.48
35	215	0.84
130	36	0.19
36	158	1.00
242	36	0.40
245	36	0.76
84	37	0.26
106	37	0.01
110	37	0.01
37	225	0.88
79	38	0.22
133	38	0.82
38	159	0.72
80	39	0.06
124	39	0.48
231	39	0.93
40	91	0.51
40	234	0.67
41	78	0.87
41	111	0.97
164	41	0.63
42	60	0.80
130	42	0.47
227	42	0.29
53	43	0.95
43	144	0.74
205	43	0.90
137	44	0.14
44	194	0.23
244	44	0.28
45	191	0.56
195	45	0.41
45	196	0.36
121	46	0.53
46	123	0.76
89	47	0.20
47	168	0.86
185	47	0.93
189	47	0.55
48	99	0.02
48	122	0.15
48	135	0.28
49	95	0.22
49	160	0.02
49	238	0.50
73	50	0.19
206	50	0.53
50	223	0.48
104	51	1.00
126	51	0.02
218	51	0.48
88	52	0.59
52	118	0.31
52	134	0.45
52	145	0.98
65	53	0.23
144	53	0.82
54	208	0.82
219	54	0.14
55	57	0.69
63	55	0.04
55	196	0.65
247	55	0.75
56	81	0.11
92	56	0.55
95	56	0.06
56	210	0.92
57	63	0.81
247	57	0.98
120	58	0.11
128	58	0.86
58	136	0.56
58	154	0.25
69	59	0.14
59	138	0.13
59	201	0.71
211	60	0.49
60	227	0.49
87	61	0.92
61	180	0.05
61	246	0.44
74	62	0.17
62	153	0.49
62	221	0.70
63	109	0.37
63	191	0.32
64	169	0.94
174	64	0.66
64	249	0.42
65	101	0.28
66	68	0.27
66	83	0.44
66	243	0.35
67	162	0.18
67	199	1.00
67	232	0.75
68	197	0.53
69	106	0.27
201	69	0.88
102	70	0.68
70	114	0.10
70	167	0.31
72	71	0.24
71	226	0.55
227	71	0.20
72	151	0.89
226	72	0.90
73	206	0.55
226	73	0.56
153	74	0.53
221	74	0.32
189	75	0.25
75	194	0.08
244	75	0.88
76	132	0.52
76	164	0.49
76	203	0.19
205	77	0.62
77	221	0.59
77	223	0.74
96	78	0.20
149	78	0.25
79	133	0.13
79	159	0.35
97	80	0.13
182	80	0.75
80	207	0.88
82	81	0.99
219	81	0.26
219	82	0.56
83	243	0.55
84	146	0.42
178	84	0.15
84	212	0.64
108	85	0.26
241	85	0.88
139	86	0.41
86	141	0.80
143	86	0.06
86	237	0.15
137	87	0.47
139	87	0.69
87	180	0.01
88	113	0.02
88	118	0.18
145	88	0.70
142	89	0.40
89	185	0.07
89	189	0.19
90	131	0.33
172	90	0.14
90	239	0.01
95	92	0.54
92	210	0.58
92	241	0.39
93	108	0.96
140	93	0.02
94	134	0.97
193	94	0.09
228	94	0.99
95	210	0.22
96	149	0.60
182	97	0.59
207	97	0.48
213	98	0.32
99	122	0.99
99	135	0.38
100	127	0.99
152	100	0.79
100	166	0.83
170	101	0.72
114	102	0.01
238	102	0.55
103	111	0.67
170	103	0.65
103	177	0.52
126	104	0.90
218	104	0.34
115	105	0.15
105	129	0.84
105	188	0.39
105	198	0.79
106	146	0.26
132	107	0.72
108	147	0.50
220	109	0.54
109	233	0.56
110	236	0.62
111	164	0.61
112	134	0.53
193	112	0.02
112	228	0.49
113	138	0.86
177	113	0.77
114	160	0.57
115	129	0.63
115	198	0.25
155	116	0.24
116	216	0.14
143	117	0.18
157	117	0.65
117	179	0.22
145	118	0.32
148	118	0.89
119	150	0.48
156	119	0.38
128	120	0.17
136	120	0.07
121	123	0.10
121	231	0.60
135	122	0.55
123	163	0.43
231	124	0.28
125	168	0.12
125	171	0.47
218	126	0.30
152	127	0.36
166	127	0.57
136	128	0.93
198	129	0.31
242	130	0.28
245	130	0.29
131	163	0.03
131	172	0.53
131	239	0.03
132	203	0.95
133	159	0.28
236	133	0.93
208	135	0.24
186	136	0.31
137	180	0.97
138	170	0.99
141	139	0.67
237	139	0.70
241	140	0.19
237	141	0.52
142	154	0.89
179	142	0.70
157	143	0.48
200	144	0.93
184	145	0.57
178	146	0.38
146	212	0.76
147	165	0.86
190	147	0.93
148	173	0.16
148	240	0.36
156	150	0.36
199	150	0.57
151	187	0.59
151	200	0.99
151	248	0.11
155	152	0.52
152	166	0.69
221	153	0.79
154	179	0.63
216	155	0.06
178	156	0.26
222	157	0.47
160	238	0.92
161	176	0.25
161	204	0.80
209	161	0.70
161	225	0.89
199	162	0.71
232	162	0.37
174	163	0.16
163	249	0.73
165	190	0.91
171	168	0.67
229	169	0.92
169	230	0.61
172	215	0.45
239	172	0.25
174	173	0.89
173	240	0.57
174	249	0.66
184	175	0.66
217	175	0.62
176	203	0.73
204	176	0.18
209	176	0.32
225	178	0.74
211	181	0.86
182	207	0.41
183	206	0.12
235	183	0.80
217	184	0.83
248	185	0.31
246	186	0.68
187	200	0.06
187	243	0.84
248	187	0.67
202	188	0.63
190	202	0.03
191	196	0.90
191	247	0.14
192	216	0.39
222	192	0.63
228	193	0.40
194	197	0.23
244	194	0.88
234	195	0.13
196	228	0.41
199	232	0.53
200	248	0.11
201	240	0.88
209	204	0.95
205	223	0.21
235	207	0.55
238	210	0.99
212	225	0.92
220	214	0.12
233	214	0.79
232	218	0.90
220	233	0.20
229	224	0.68
230	229	0.96
242	245	0.30
