0	121	0.66
141	0	0.49
0	186	0.96
0	219	0.54
1	61	1.00
173	1	0.63
177	1	0.53
1	185	0.77
10	2	0.04
2	30	0.87
234	2	0.90
3	130	0.73
187	3	0.96
3	205	0.02
4	14	0.31
4	57	0.75
4	164	0.26
5	67	0.06
111	5	0.35
5	115	0.52
47	6	0.62
53	6	0.08
176	6	0.26
7	67	0.46
111	7	0.26
201	7	0.22
35	8	0.32
43	8	0.31
8	107	0.70
242	8	0.42
9	31	0.79
9	98	0.82
9	104	0.65
30	10	0.44
10	234	0.22
11	14	0.64
146	11	0.49
11	163	0.32
239	11	0.79
12	28	0.91
12	138	0.86
12	197	0.99
60	13	0.07
13	166	0.30
188	13	0.19
102	14	0.43
14	146	0.09
15	99	0.88
174	15	0.50
15	182	0.66
16	83	0.65
176	16	0.10
178	16	0.62
17	18	0.45
17	140	0.46
207	17	0.54
140	18	0.91
207	18	0.32
85	19	0.20
168	19	0.67
220	19	0.94
20	68	0.09
20	110	0.86
20	179	0.36
51	21	0.92
21	180	0.59
198	21	0.53
22	112	0.49
22	117	0.23
22	152	0.73
22	218	0.13
34	23	0.80
56	23	0.86
23	201	0.18
24	84	0.90
24	89	0.02
118	24	0.08
24	204	0.30
25	27	0.47
123	25	0.49
25	129	0.43
158	25	0.58
102	26	0.44
26	144	0.13
26	193	0.14
76	27	0.85
77	27	0.90
27	119	0.66
37	28	0.48
28	197	0.71
29	65	0.13
29	69	0.80
29	103	0.76
29	147	0.78
68	30	0.34
30	234	0.02
33	31	0.54
31	104	0.53
31	204	0.77
32	56	0.84
135	32	0.37
216	32	0.18
33	104	0.39
33	151	0.84
154	33	0.28
34	79	0.43
34	201	0.23
43	35	0.49
35	144	0.25
223	35	0.40
36	88	0.67
148	36	0.72
212	36	0.57
124	37	0.90
128	37	0.47
41	38	0.72
38	90	0.58
102	38	0.42
247	38	0.68
39	87	0.72
136	39	0.32
180	39	0.18
87	40	0.49
40	89	0.98
40	122	0.76
41	90	0.58
41	93	0.33
247	41	0.65
42	192	0.73
215	42	0.61
221	42	0.41
222	42	0.09
43	92	0.62
131	43	0.18
127	44	0.64
44	153	0.85
206	44	0.75
44	221	0.51
160	45	0.85
45	200	0.32
213	45	0.78
46	49	0.80
58	46	0.96
46	73	0.53
136	46	0.15
53	47	0.51
47	88	0.98
48	55	0.42
48	93	0.50
48	139	0.92
48	243	0.71
49	97	0.46
136	49	0.32
183	49	0.97
50	196	0.26
202	50	0.28
236	50	0.63
160	51	0.90
198	51	0.94
52	108	0.11
52	120	0.10
52	231	0.61
116	53	0.06
70	54	0.94
54	94	0.86
95	54	0.51
55	93	0.89
139	55	0.27
56	135	0.89
135	57	0.08
57	164	0.85
73	58	0.54
97	58	0.36
58	116	0.49
59	63	0.94
66	59	0.18
96	59	0.75
188	60	0.05
60	246	0.54
61	156	0.05
238	61	0.91
62	86	0.29
62	126	0.69
130	62	0.93
62	229	0.82
66	63	0.09
63	247	0.03
64	67	0.84
185	64	0.43
64	228	0.98
65	103	0.39
65	134	0.22
65	175	0.67
66	199	0.59
111	67	0.48
68	110	0.47
68	179	0.19
69	134	0.01
69	175	0.46
70	94	0.89
70	224	0.14
71	113	0.80
71	157	0.48
71	195	0.27
71	229	0.78
102	72	0.35
146	72	0.89
72	249	0.16
73	97	0.74
80	74	0.84
74	191	0.40
203	74	0.91
75	132	0.67
150	75	0.99
75	194	0.63
77	76	0.80
119	76	0.95
119	77	0.37
163	77	0.17
78	95	0.73
107	78	0.02
78	151	0.97
79	101	0.93
79	153	0.67
183	79	0.01
80	191	0.92
80	203	0.05
106	81	0.41
167	81	0.42
81	172	0.36
82	155	0.95
184	82	0.77
241	82	0.79
83	176	0.24
207	83	0.08
118	84	0.93
204	84	0.87
85	168	0.28
85	220	0.17
167	86	0.80
86	172	0.44
245	86	0.82
180	87	0.36
212	88	0.07
89	122	0.56
247	90	0.49
91	92	0.56
232	91	0.71
240	91	0.30
92	223	0.09
92	242	0.50
93	139	0.65
111	94	0.27
107	95	0.19
96	142	0.95
96	189	0.29
97	136	0.39
170	98	0.58
98	208	0.10
162	99	0.27
99	237	0.88
100	149	0.19
100	178	0.23
224	100	0.95
101	155	0.29
206	101	0.30
221	101	0.21
103	175	0.92
104	248	0.38
137	105	0.34
159	105	0.92
162	105	0.80
106	167	0.27
106	202	0.40
106	245	0.39
120	108	0.78
108	127	0.12
114	109	0.35
115	109	0.40
246	109	1.00
110	169	0.68
186	110	0.74
112	117	0.74
218	112	0.41
242	112	0.96
225	113	0.75
113	229	0.94
114	192	0.87
114	215	0.61
114	239	0.01
246	115	0.64
116	120	0.35
230	116	0.93
117	218	0.62
118	159	0.01
121	141	0.80
121	219	0.04
177	122	0.38
123	158	0.44
123	181	0.13
128	124	0.73
124	197	0.01
125	209	0.80
125	227	0.63
235	125	0.09
126	130	0.99
211	126	0.35
230	127	0.69
127	231	0.20
138	128	0.33
233	128	0.22
129	172	0.46
198	129	0.05
211	130	0.20
223	131	0.38
131	240	0.38
131	242	0.83
150	132	0.10
132	194	0.63
143	133	0.62
133	166	0.94
133	211	0.07
143	134	0.85
175	134	0.02
142	137	0.74
159	137	0.37
197	138	0.30
207	140	0.41
151	141	0.70
142	189	0.16
143	166	0.49
144	193	0.28
145	147	0.98
145	230	0.74
244	145	0.50
249	146	0.76
244	147	0.65
148	210	0.55
148	226	0.43
233	149	0.54
243	149	0.41
194	150	0.75
219	151	0.75
152	181	0.98
241	152	0.19
183	153	0.97
221	153	0.52
208	154	0.82
248	154	0.44
155	184	0.99
156	165	0.77
238	156	0.54
157	188	0.45
157	210	0.20
226	157	0.59
189	158	0.01
158	205	0.85
160	200	0.67
160	213	0.77
171	161	0.44
161	195	0.76
225	161	0.69
161	244	0.87
237	162	0.66
249	163	0.22
232	164	0.65
165	199	0.38
165	214	0.50
165	216	0.76
245	167	0.78
168	220	0.10
186	169	0.74
190	169	0.12
238	169	0.11
170	208	0.44
170	234	0.57
195	171	0.29
225	171	0.09
172	245	0.33
173	177	0.73
228	173	0.51
182	174	0.44
174	213	0.72
177	228	0.85
224	178	0.10
190	179	0.88
181	241	0.46
196	182	0.89
206	183	0.23
226	184	0.45
228	185	0.83
186	190	0.35
187	205	0.25
215	187	0.31
195	190	0.57
203	191	0.22
227	191	0.32
192	217	0.29
192	237	0.98
212	193	0.50
202	196	0.43
196	236	0.50
199	214	0.88
199	216	0.99
200	213	0.91
236	202	0.14
227	209	0.30
209	235	0.05
226	210	0.80
216	214	0.71
215	217	0.87
217	222	0.14
220	248	0.87
222	239	0.45
235	227	0.20
230	231	0.12
240	232	0.15
243	233	0.94
