0	10	0.85
112	0	0.21
0	179	0.35
1	50	0.74
1	147	0.31
213	1	0.20
76	2	0.83
2	81	0.02
134	2	0.79
3	41	0.78
49	3	0.77
3	122	0.90
170	3	0.37
4	15	0.59
4	54	0.89
4	192	0.52
5	35	0.23
5	77	0.81
183	5	0.91
6	27	0.30
64	6	0.63
161	6	0.57
222	6	0.84
7	25	0.09
84	7	0.27
115	7	0.01
140	7	0.69
59	8	0.78
8	97	0.37
117	8	0.43
8	131	0.11
9	13	0.19
9	26	0.12
60	9	0.80
10	23	0.52
10	112	0.35
198	10	0.36
11	47	0.63
53	11	0.16
11	235	0.72
12	147	0.18
12	198	0.38
245	12	0.94
13	60	0.06
108	13	0.83
35	14	0.70
14	62	0.28
14	126	0.57
54	15	0.02
15	192	0.06
16	69	0.82
138	16	0.88
158	16	0.85
17	37	0.35
17	187	0.30
224	17	0.01
110	18	0.80
202	18	0.85
226	18	0.01
181	19	0.57
225	19	0.60
19	244	0.56
20	42	0.73
20	107	0.61
131	20	0.54
20	207	0.76
32	21	0.50
21	59	0.94
21	113	0.83
21	116	0.46
22	52	0.17
57	22	0.51
158	22	0.24
22	200	0.91
23	112	0.77
23	124	0.72
86	24	0.30
24	137	0.54
24	176	0.27
115	25	0.44
25	140	0.91
58	26	0.96
155	26	0.10
27	64	0.63
27	161	0.87
222	27	0.03
78	28	0.04
28	137	0.92
165	28	0.93
28	195	0.11
29	61	0.30
29	92	0.64
29	182	0.69
29	229	0.24
139	30	0.61
30	180	0.20
188	30	0.99
31	171	0.24
31	199	0.57
31	237	0.54
51	32	0.72
85	32	0.73
33	42	0.11
33	127	0.62
169	33	0.14
34	109	0.01
34	149	0.34
227	34	0.55
35	62	0.55
41	36	0.95
36	93	0.69
118	36	0.33
44	37	0.64
224	37	0.10
166	38	0.38
217	38	0.94
38	244	0.68
144	39	0.22
154	39	0.58
39	201	0.63
249	39	0.25
126	40	0.48
144	40	0.82
40	175	0.63
41	93	0.52
41	118	0.69
42	102	0.61
163	43	0.30
43	166	0.25
194	43	0.43
56	44	0.82
119	44	0.39
44	202	0.03
65	45	0.66
75	45	0.66
45	111	0.03
219	45	0.24
46	89	0.10
96	46	0.77
46	129	0.89
53	47	0.34
47	191	0.76
101	48	0.36
48	187	0.18
221	48	0.24
122	49	0.05
49	170	0.70
49	209	0.32
50	147	0.73
50	213	0.44
51	85	0.47
51	125	0.91
57	52	0.45
200	52	0.14
53	188	0.82
57	54	0.72
192	54	0.07
184	55	0.27
193	55	0.62
55	196	0.20
56	119	0.10
56	214	0.37
233	56	0.07
200	57	0.83
58	90	0.75
155	58	0.20
59	113	0.15
116	59	0.75
60	67	0.56
92	61	0.61
61	229	0.27
156	62	0.79
77	63	0.67
63	84	0.67
63	209	0.64
161	64	0.87
222	64	0.45
156	65	0.08
65	175	0.07
65	178	0.71
128	66	0.64
66	145	0.57
66	223	0.45
102	67	0.42
67	236	0.25
74	68	0.66
68	159	0.10
68	228	0.18
248	68	0.26
69	160	0.31
69	184	0.81
69	190	0.41
70	83	0.78
70	152	0.90
157	70	0.74
70	203	0.29
71	146	0.50
71	154	0.22
71	162	0.24
71	215	0.19
72	124	0.29
72	155	0.44
72	239	0.90
73	227	0.37
73	235	0.70
242	73	0.04
228	74	0.14
74	248	0.35
75	111	0.52
219	75	0.89
76	81	0.06
134	76	0.21
77	183	0.68
195	78	0.76
78	236	0.88
80	79	0.08
98	79	0.43
174	79	0.14
230	79	0.14
80	98	0.33
108	80	0.01
80	230	0.75
81	134	0.50
82	127	0.74
141	82	0.30
82	151	0.90
83	220	0.42
246	83	0.52
209	84	0.49
85	151	0.16
86	92	0.87
137	86	0.97
176	86	0.38
87	94	0.91
136	87	0.70
180	87	0.45
128	88	0.08
88	130	0.41
88	213	0.40
96	89	0.22
89	129	0.39
135	90	0.46
173	90	0.88
186	90	0.45
91	122	0.11
143	91	0.27
91	247	0.46
229	92	0.07
118	93	0.08
93	248	0.01
94	136	0.53
94	230	0.44
114	95	0.43
123	95	0.55
95	170	0.10
96	129	0.54
96	217	0.42
117	97	0.80
97	131	0.11
207	97	0.44
98	172	0.42
98	230	0.80
99	146	0.80
150	99	0.14
99	177	0.06
215	99	0.04
106	100	0.44
100	152	0.49
100	233	0.44
167	101	0.96
204	101	0.64
240	101	0.25
102	236	0.53
103	133	0.95
103	134	0.37
211	103	0.80
104	105	0.85
216	104	0.71
234	104	0.67
238	104	0.21
105	206	0.27
234	105	0.48
106	114	0.91
152	106	0.60
233	106	0.97
117	107	0.84
107	131	0.08
108	153	0.30
108	205	0.87
109	235	0.09
242	109	0.40
110	202	0.89
226	110	0.31
111	219	0.35
111	224	0.18
113	116	0.99
113	153	0.95
123	114	0.37
115	140	0.27
117	207	0.98
247	118	0.03
119	214	0.66
120	172	0.36
120	199	0.71
212	120	0.87
121	168	0.86
189	121	0.44
243	121	0.22
122	170	0.16
171	123	0.09
239	124	0.95
125	132	0.37
164	125	0.14
144	126	0.30
169	127	0.80
128	130	0.32
129	138	0.77
205	130	0.20
132	164	0.93
229	132	0.66
133	195	0.65
133	211	0.26
173	135	0.32
186	135	0.10
214	136	0.56
176	137	0.82
158	138	0.46
180	139	0.07
239	139	0.48
141	151	0.93
141	157	0.15
142	183	0.34
142	210	0.01
142	218	0.60
220	143	0.58
247	143	0.24
193	145	0.53
145	223	0.76
146	150	0.56
232	146	0.95
213	147	0.32
206	148	0.58
216	148	0.89
148	234	0.24
238	148	0.89
211	149	0.92
227	149	0.29
162	150	0.75
232	150	0.37
152	233	0.98
153	177	0.72
205	153	0.57
154	201	0.90
154	249	0.23
175	156	0.53
178	156	0.43
157	203	0.22
157	208	0.91
159	174	0.28
179	159	0.92
160	184	0.49
190	160	0.50
161	222	0.87
207	162	0.72
232	162	0.50
166	163	0.23
163	181	0.68
163	194	0.79
164	210	0.35
192	165	0.40
165	195	0.60
194	166	0.19
197	167	0.52
240	167	0.46
167	241	0.01
168	189	0.08
243	168	0.02
245	169	0.39
171	191	0.12
171	237	0.91
199	172	0.85
212	172	0.75
173	186	0.73
174	179	0.91
178	175	0.40
205	177	0.89
180	188	0.37
225	181	0.45
185	182	0.07
231	182	0.50
190	184	0.31
185	231	0.22
185	249	0.01
221	187	0.61
243	189	0.20
237	191	0.80
196	193	0.72
194	225	0.58
196	218	0.29
204	197	0.39
240	197	0.05
197	241	0.12
198	245	0.08
199	212	0.18
201	249	0.27
208	203	0.56
241	204	0.85
206	216	0.19
238	206	0.73
221	208	0.98
210	218	0.28
215	232	0.33
217	244	0.86
220	246	0.38
231	223	0.20
226	246	0.18
248	228	0.90
238	234	0.01
235	242	0.39
241	240	0.62
