0	1	0.58
8	0	0.60
0	12	0.04
1	8	0.22
1	12	0.05
28	1	0.67
24	2	0.30
2	38	0.63
43	2	0.97
3	10	0.81
17	3	0.06
3	33	0.83
23	4	0.09
4	32	0.62
4	35	0.42
4	41	0.63
5	30	0.74
5	37	0.05
49	5	0.56
6	42	0.64
45	6	0.57
46	6	0.37
15	7	0.04
7	24	0.54
36	7	0.79
12	8	0.42
23	8	0.04
19	9	0.12
9	29	0.37
31	9	0.70
9	39	0.94
10	22	0.71
10	48	0.02
19	11	0.65
11	25	0.27
11	43	0.03
17	12	0.04
13	23	0.42
26	13	0.83
13	32	0.61
13	35	0.47
14	16	0.18
33	14	0.56
14	39	0.68
22	15	0.71
36	15	0.71
16	20	0.60
16	40	0.82
33	17	0.61
18	20	0.23
18	28	0.77
37	18	0.01
25	19	0.71
20	40	0.32
21	27	0.18
34	21	0.29
47	21	0.45
48	22	0.16
32	23	0.17
38	24	0.93
40	25	0.30
26	35	0.53
26	41	0.99
27	34	0.28
42	27	0.70
27	47	0.99
37	28	0.22
29	31	0.30
29	36	0.81
29	39	0.83
30	31	0.63
49	30	0.78
47	34	0.01
35	41	0.87
38	43	0.47
42	44	0.08
46	42	0.45
44	45	0.57
44	46	0.01
46	45	0.04
48	49	0.64
