0	11	0.33
13	0	0.23
0	33	0.52
1	29	0.42
1	39	0.85
42	1	0.56
48	1	0.92
2	15	0.76
17	2	0.44
2	24	0.57
28	2	0.85
3	20	0.32
32	3	0.77
3	41	0.85
4	9	0.61
4	10	0.15
4	26	0.11
5	13	0.06
18	5	0.50
5	19	0.87
14	6	0.91
25	6	0.21
32	6	0.92
6	44	0.22
12	7	0.24
28	7	0.59
35	7	0.53
18	8	0.37
8	32	0.12
36	8	0.06
8	49	0.29
9	30	0.45
9	31	0.27
43	9	0.65
10	22	0.25
10	26	0.32
30	10	0.31
11	13	0.99
20	11	0.54
11	33	0.78
12	21	0.01
12	23	0.11
47	13	0.93
14	25	0.97
32	14	0.68
44	14	0.58
15	17	0.13
15	24	0.15
48	15	0.53
16	22	0.99
16	30	0.63
37	16	0.57
40	17	0.75
17	48	0.85
18	36	0.67
45	18	0.84
33	19	0.97
47	19	0.80
41	20	0.32
23	21	0.19
41	21	0.89
22	37	0.70
23	38	0.79
24	40	0.60
44	25	0.28
26	43	0.31
34	27	0.60
27	36	0.07
27	49	0.70
28	35	0.56
29	39	0.87
42	29	0.73
43	30	0.99
31	38	0.34
31	46	0.08
33	47	0.98
35	34	0.76
34	45	0.09
34	49	0.55
40	36	0.88
37	46	0.62
46	38	0.90
42	39	0.35
45	49	0.28
