0	30	0.26
40	0	0.85
0	47	0.90
1	7	0.27
1	13	0.33
28	1	0.25
32	1	0.37
2	10	0.72
21	2	0.62
2	27	0.46
48	2	0.07
3	8	0.49
12	3	0.08
3	43	0.67
4	31	0.58
4	34	0.73
4	39	0.19
5	20	0.96
34	5	0.95
5	36	0.96
23	6	0.20
46	6	0.31
47	6	0.11
7	28	0.23
32	7	0.47
39	8	0.78
49	8	0.07
11	9	0.49
9	19	0.93
38	9	0.55
9	45	0.33
10	21	0.96
10	48	0.20
15	11	0.08
11	16	0.95
11	19	0.46
32	12	0.36
12	43	0.57
35	13	0.31
13	37	0.91
13	42	0.22
14	24	0.72
42	14	0.92
14	46	0.95
16	15	0.72
41	15	0.04
15	45	0.72
16	44	0.29
22	17	0.25
17	33	0.45
17	44	0.83
27	18	0.89
30	18	0.69
18	38	0.87
19	41	0.47
34	20	0.87
36	20	0.59
44	21	0.49
48	21	0.99
25	22	0.37
33	22	0.65
22	44	0.50
23	47	0.48
23	48	0.27
40	24	0.84
24	46	0.30
26	25	0.98
25	29	0.53
25	31	0.08
26	29	0.01
26	31	0.02
38	27	0.56
32	28	0.75
28	45	0.79
29	31	0.33
30	40	0.66
41	33	0.65
34	36	0.94
35	37	0.14
42	35	0.88
37	42	0.16
49	39	0.30
45	41	0.77
43	49	0.80
