0	5	0.90
21	0	0.33
0	26	0.94
0	32	0.42
1	33	0.97
38	1	0.62
44	1	0.54
2	30	0.46
31	2	0.74
2	47	0.73
6	3	0.08
3	42	0.30
47	3	0.41
4	14	0.45
4	23	0.58
4	36	0.82
5	28	0.54
5	39	0.43
10	6	0.68
6	41	0.63
42	6	0.94
20	7	0.62
29	7	0.49
7	48	0.29
25	8	0.87
37	8	0.32
46	8	0.83
22	9	0.63
9	27	0.20
30	9	0.48
9	45	0.09
10	40	0.18
10	42	0.98
47	10	0.70
11	30	0.59
11	34	0.41
43	11	0.76
12	16	0.39
19	12	0.50
12	35	0.96
12	43	0.41
13	16	0.42
17	13	0.81
13	35	0.99
26	14	0.55
36	14	0.58
15	23	0.69
15	40	0.72
46	15	0.47
16	17	0.36
16	19	0.16
19	17	0.09
35	17	0.83
18	20	0.91
18	27	0.27
41	18	0.80
49	18	0.73
29	20	0.03
48	20	0.68
26	21	0.72
32	21	0.64
22	24	0.60
22	45	0.91
23	40	0.19
30	24	0.04
24	31	0.26
37	25	0.75
25	46	0.27
26	32	0.79
27	41	0.71
27	49	0.09
34	28	0.65
39	28	0.06
29	39	0.26
31	45	0.08
33	38	0.28
44	33	0.37
33	48	0.92
34	43	0.44
45	36	0.60
37	46	0.06
44	38	0.57
49	41	0.08
42	47	0.53
