0	14	0.35
16	0	0.46
0	29	0.41
0	33	0.01
1	9	0.67
10	1	0.80
40	1	0.62
2	18	0.44
23	2	0.40
2	31	0.95
39	2	0.35
3	8	0.84
19	3	0.73
3	47	0.91
3	48	0.93
4	11	0.48
4	12	0.72
4	41	0.95
22	5	0.79
5	33	0.83
35	5	0.80
10	6	0.68
13	6	0.94
6	37	0.73
40	6	0.92
20	7	0.25
38	7	0.03
42	7	0.53
8	15	0.60
19	8	0.06
8	31	0.07
9	13	0.97
9	25	0.48
37	10	0.12
10	40	0.60
11	32	0.06
45	11	0.04
12	26	0.49
41	12	0.23
13	25	0.91
14	16	0.20
14	29	0.48
32	14	0.81
15	16	0.73
47	15	0.97
48	15	0.82
16	29	0.71
17	20	0.17
28	17	0.28
17	36	0.23
18	39	0.10
44	18	0.93
34	19	0.15
19	48	0.41
20	38	0.79
42	20	0.53
24	21	0.06
26	21	0.95
41	21	0.72
28	22	0.55
33	22	0.35
22	35	0.64
23	30	0.70
23	44	0.88
26	24	0.67
24	30	0.35
35	25	0.15
27	43	0.39
27	46	0.01
27	49	0.75
28	36	0.16
44	30	0.01
39	31	0.33
32	45	0.22
34	36	0.07
34	47	0.82
48	34	0.23
35	45	0.15
37	40	0.73
42	38	0.90
39	42	0.91
46	43	0.12
49	43	0.95
46	49	0.44
