0	1	0.46
3	0	0.33
0	45	0.40
1	25	0.74
1	26	0.70
6	2	0.02
41	2	0.40
2	49	0.84
25	3	0.79
3	27	0.95
6	4	0.16
4	10	0.84
14	4	0.93
5	11	0.18
5	29	0.53
5	43	0.93
6	41	0.20
6	49	0.68
17	7	0.42
7	20	0.65
32	7	0.97
45	7	0.82
21	8	0.37
8	33	0.92
42	8	0.80
11	9	0.37
23	9	0.07
30	9	0.74
9	39	0.08
12	10	0.78
10	28	0.51
11	39	0.96
12	14	0.62
20	12	0.77
13	15	0.26
13	19	0.24
35	13	0.61
14	28	0.01
16	15	0.07
15	40	0.04
15	44	0.17
16	40	0.13
44	16	0.57
17	18	0.95
32	17	1.00
45	17	0.96
18	23	0.50
18	24	0.54
22	19	0.18
19	24	0.58
19	35	0.05
28	20	0.62
43	20	0.76
21	36	0.27
21	38	0.43
42	21	0.18
34	22	0.19
35	22	0.99
34	23	0.37
46	23	0.51
46	24	0.16
25	27	0.82
26	27	0.85
26	31	0.84
47	29	0.77
29	48	0.82
44	30	0.40
30	46	0.36
31	39	0.39
31	43	0.17
32	45	0.35
36	33	0.89
37	33	0.70
34	35	0.36
36	37	0.87
36	38	0.05
38	37	0.76
39	43	0.30
40	44	0.83
42	41	0.99
46	48	0.52
48	47	0.38
49	47	0.62
