0	9	0.35
44	0	0.85
0	46	0.81
1	19	0.02
1	20	0.38
33	1	0.01
4	2	0.21
2	14	0.97
37	2	0.24
2	45	1.00
24	3	0.20
3	25	0.95
34	3	0.43
3	36	0.77
4	11	0.60
4	43	0.32
5	6	0.07
5	7	0.36
13	5	0.46
5	42	0.76
13	6	0.05
42	6	0.73
21	7	0.36
7	24	0.36
9	8	0.46
11	8	0.31
18	8	0.07
32	8	0.05
9	44	0.73
46	9	0.48
10	12	0.71
10	38	0.83
10	47	0.59
26	11	0.54
11	37	0.25
11	43	0.52
27	12	0.39
12	38	0.02
42	13	0.12
14	37	0.33
14	48	0.49
15	35	0.43
38	15	0.28
15	39	0.87
47	15	0.15
23	16	0.56
16	30	0.87
16	40	0.23
41	16	0.61
17	27	0.88
17	29	0.53
30	17	0.16
26	18	0.22
18	29	0.32
18	43	0.14
20	19	0.32
33	19	0.18
33	20	0.58
24	21	0.59
48	21	0.18
23	22	0.68
22	28	0.99
22	31	0.36
22	49	0.73
28	23	0.38
23	49	0.57
34	25	0.24
25	36	0.40
26	32	0.26
27	29	0.02
28	31	0.28
49	28	0.04
40	30	0.29
30	41	0.45
31	49	0.16
32	42	0.84
45	33	0.74
34	36	0.98
35	39	0.40
47	35	0.97
37	48	0.45
47	39	0.39
41	40	0.87
43	44	0.37
44	46	0.46
48	45	0.70
