0	1	0.38
27	0	0.10
0	34	0.42
1	14	0.37
1	46	0.34
18	2	0.65
21	2	0.27
2	35	0.79
6	3	0.21
3	13	0.61
49	3	0.29
4	9	0.66
22	4	0.38
4	44	0.20
5	19	0.96
5	25	0.53
5	26	0.27
5	39	0.75
13	6	0.92
6	45	0.42
49	6	0.49
15	7	0.47
20	7	0.44
7	37	0.66
10	8	0.03
16	8	0.90
28	8	0.33
22	9	0.86
9	46	0.35
16	10	0.49
10	20	0.90
10	33	0.62
11	30	0.65
42	11	0.94
11	45	0.80
11	47	0.63
24	12	0.07
12	34	0.61
38	12	0.15
13	38	0.37
13	49	0.42
14	22	0.44
46	14	0.06
15	27	0.28
37	15	0.93
28	16	0.42
16	33	0.28
17	23	0.23
40	17	0.62
17	44	0.63
17	48	0.52
21	18	1.00
35	18	0.52
19	26	0.89
19	39	0.09
23	20	0.97
28	20	0.15
32	21	0.21
35	21	0.04
44	23	0.82
48	23	0.58
24	38	0.30
24	48	0.98
25	26	0.89
39	25	0.01
26	39	0.03
32	27	0.60
27	34	0.83
28	33	0.62
29	31	0.23
29	36	0.67
43	29	0.44
42	30	0.48
30	45	0.96
31	36	0.51
31	43	0.80
34	32	0.11
33	35	0.03
36	43	0.71
41	37	0.47
40	41	0.23
47	40	0.15
47	41	0.62
42	45	0.80
44	48	0.78
