0	4	0.09
15	0	0.46
0	34	0.70
1	14	0.82
1	24	0.34
39	1	0.81
49	1	0.86
2	6	0.85
7	2	0.26
2	19	0.13
33	2	0.38
3	36	0.14
45	3	0.35
3	47	0.47
4	11	0.14
4	23	0.27
5	18	0.92
5	28	0.45
38	5	0.93
6	7	0.93
21	6	0.02
45	6	0.14
21	7	0.44
7	44	0.82
20	8	0.99
26	8	0.03
35	8	0.52
29	9	0.01
9	32	0.64
37	9	0.16
10	17	0.16
10	22	0.93
10	46	0.02
23	11	0.25
11	36	0.48
12	14	0.39
24	12	0.95
12	30	0.91
46	12	0.45
13	19	0.89
13	31	0.78
13	41	0.87
30	14	0.92
14	49	0.09
31	15	0.49
34	15	0.01
16	17	0.63
16	35	0.13
42	16	0.40
17	22	0.71
17	46	0.11
28	18	0.21
48	18	0.07
19	31	0.64
19	41	0.52
26	20	0.42
47	20	0.23
44	21	0.24
46	22	0.76
37	23	0.94
30	24	0.47
25	33	0.03
25	43	0.38
25	44	0.49
49	26	0.52
27	29	0.38
32	27	0.91
27	37	0.63
28	38	0.65
28	40	0.84
29	32	0.78
39	30	0.23
41	31	0.84
32	37	0.92
33	43	0.20
34	43	0.76
42	35	0.26
36	47	0.28
38	40	0.32
48	38	0.63
39	49	0.76
48	40	0.57
42	41	0.22
44	45	0.83
