0	4	0.56
38	0	0.23
0	44	0.26
0	48	0.21
1	10	0.44
34	1	0.22
37	1	0.57
2	9	0.49
19	2	0.52
2	45	0.01
26	3	0.52
3	39	0.25
45	3	0.40
3	46	0.71
4	21	0.46
4	38	0.55
4	44	0.88
5	23	0.11
27	5	0.99
5	31	0.77
49	5	0.64
7	6	0.73
15	6	0.39
6	35	0.94
8	7	0.32
25	7	0.90
11	8	0.23
25	8	0.48
9	19	0.34
45	9	0.78
10	28	0.91
10	34	0.30
11	26	0.23
39	11	0.42
11	46	0.69
12	14	0.80
17	12	0.76
12	29	0.15
21	13	0.27
13	37	0.45
13	40	0.53
14	17	0.85
32	14	0.08
15	25	0.86
35	15	0.51
26	16	0.94
16	39	0.95
16	46	0.02
32	17	0.65
17	36	0.41
18	24	0.07
26	18	0.78
42	18	0.85
18	43	0.51
19	45	0.07
31	20	0.46
36	20	0.75
48	20	0.31
40	21	0.95
23	22	0.01
27	22	0.87
22	47	0.81
23	27	0.17
24	33	0.54
42	24	0.87
24	43	0.88
29	28	0.62
28	41	0.81
29	41	0.66
30	37	0.53
30	40	0.04
41	30	0.34
49	31	0.75
32	44	0.65
33	35	0.75
33	42	0.42
43	33	0.06
34	47	0.54
36	48	0.19
40	37	0.05
38	44	0.98
46	39	0.10
49	47	0.90
